4311944;26122679;26122680
4311944;26122680;2486315161
4311944;2486315161;112632829
4311944;112632829;26122681
4311944;26122681;112632832
4311944;112632832;2486315159
4311944;2486315159;26122682
4311944;26122682;112632836
4311944;112632836;2486315153
4311944;2486315153;2486315155
4311944;2486315155;2486710653
4311944;2486710653;26122848
4311945;112627997;2486710639
4311945;2486710639;26122676
4311945;26122676;26122675
4311945;26122675;112631533
4311945;112631533;26122674
4311945;26122674;26122673
4311946;1561621080;2486710636
4311946;2486710636;2486710635
4311946;2486710635;2486710634
4311949;26122708;3139458006
4311949;3139458006;2486710654
4311949;2486710654;2486315110
4311949;2486315110;26122709
4311949;26122709;1187411596
4311949;1187411596;26122693
4311951;26122707;112634552
4311951;112634552;26122706
4311951;26122706;2486315138
4311951;2486315138;112634554
4311951;112634554;2486315136
4311951;2486315136;26122705
4311951;26122705;112633972
4311951;112633972;26122704
4311951;26122704;112633698
4311951;112633698;26122703
4311951;26122703;2486315133
4311951;2486315133;112633704
4311951;112633704;2486315131
4311951;2486315131;26122702
4311951;26122702;2486315128
4311951;2486315128;2486315125
4311951;2486315125;2486710646
4311951;2486710646;2486710645
4311951;2486710645;2486710644
4311951;2486710644;2486710643
4311951;2486710643;26122700
13714843;296058885;1561621039
13714843;1561621039;2489677590
13714843;2489677590;1628753289
13714843;1628753289;1561603613
13714843;1561603613;4479796421
13714843;4479796421;126604779
13714843;126604779;1561603567
13714843;1561603567;1471128087
13714843;1471128087;126604780
13714843;126604780;126604781
13714843;126604781;1990333409
13714843;1990333409;126604783
13714843;126604783;126606845
13714843;126606845;126604784
13714843;126604784;4573825393
13714843;4573825393;425743085
13714843;425743085;343646763
13714843;343646763;1202110494
13714843;1202110494;126608577
26621084;291991212;3230631162
26621084;3230631162;291991193
27009797;296058430;296059591
27009797;296059591;5474378488
27009797;5474378488;5474378485
27009797;5474378485;5474378489
27009797;5474378489;296059590
27009797;296059590;5474378486
27009797;5474378486;5474378491
27009797;5474378491;5474378483
27009797;5474378483;5474378487
27009797;5474378487;5474378484
27009797;5474378484;3230631168
27009797;3230631168;5337811384
27009797;5337811384;5337811386
27009797;5337811386;4004264458
27009797;4004264458;291991212
27009797;291991212;3230631169
27009797;3230631169;296057070
27009797;296057070;4605838358
27009797;4605838358;297370586
27009797;297370586;3230631171
27009797;3230631171;296057078
27009797;296057078;296057068
27009797;296057068;5332224720
27009797;5332224720;1561621101
27009797;1561621101;1561621113
27009803;296057110;5337811382
27009803;5337811382;296057078
27009967;296057070;3230631180
27009967;3230631180;296058426
27009984;296058885;2583954419
27009984;2583954419;4479796423
27009984;4479796423;296058742
27009984;296058742;296058743
27009984;296058743;4004264461
27009984;4004264461;2596033750
27009984;2596033750;885947915
27009984;885947915;296058886
27009984;296058886;5454490793
27009984;5454490793;2292597615
27009984;2292597615;2292597583
27009984;2292597583;5331896120
27009984;5331896120;5455331232
27009984;5455331232;885947924
27009984;885947924;5347824709
27009984;5347824709;296059595
27009984;296059595;3241162403
27009984;3241162403;5347824718
27009984;5347824718;296058746
27009984;296058746;430023257
27009984;430023257;280065295
27009984;280065295;430023268
27009984;430023268;1728072173
27009984;1728072173;1670512000
27009984;1670512000;1929265698
27009984;1929265698;1942879413
27009984;1942879413;1668824904
27010020;1561621100;3230631174
27010020;3230631174;5413401444
27010020;5413401444;296058427
27010020;296058427;3230631178
27010020;3230631178;3230631190
27010020;3230631190;5332030649
27010020;5332030649;1670426619
27010020;1670426619;1670426580
27010128;296060209;2184077115
27010128;2184077115;296060210
27010128;296060210;5474314853
27010128;5474314853;296060211
27010128;296060211;5320445301
27010128;5320445301;112628020
27010135;296060332;1942879341
27010135;1942879341;4605846973
27010135;4605846973;296060328
27010135;296060328;2184077148
27010135;2184077148;5325648703
27010135;5325648703;296060333
27010135;296060333;296060330
27010135;296060330;296060331
27010135;296060331;2184077120
27010135;2184077120;296060209
27103848;297370462;297370463
27103848;297370463;5474378490
27103848;5474378490;5474378480
27103848;5474378480;5474378481
27103848;5474378481;5474378476
27103848;5474378476;5474378477
27103848;5474378477;5474378479
27103848;5474378479;297370465
27103848;297370465;5474378478
27103848;5474378478;5474378475
27103848;5474378475;5474378482
27103848;5474378482;296059590
27103856;297370586;5413411229
27103856;5413411229;297370584
27103856;297370584;3230631164
27103856;3230631164;3230631163
27103856;3230631163;3230631165
27103856;3230631165;3230631166
27103856;3230631166;3230631167
27103856;3230631167;3230631170
27103856;3230631170;3230631171
35011275;26122707;112638858
35011275;112638858;4723433445
36921785;112628026;5476829027
36921785;5476829027;112613532
36921785;112613532;4604273014
36921785;4604273014;4604273015
36921785;4604273015;429378647
36921785;429378647;429378639
36921785;429378639;2181385046
36921785;2181385046;3166566529
36921785;3166566529;4526777735
36921785;4526777735;4526777741
36921785;4526777741;429378648
36921785;429378648;429378649
36921785;429378649;429378651
36921785;429378651;257735562
36921785;257735562;257735563
36980583;430023260;280065679
36980585;430023257;430023264
36980585;430023264;430023263
36980585;430023263;430023260
36980588;280065679;4605883221
36980588;4605883221;430023267
36980588;430023267;1670401805
36980588;1670401805;430023268
36980589;430023268;4479796424
36980589;4479796424;1670607295
36980589;1670607295;4605846968
36980589;4605846968;430023269
36980589;430023269;4605883226
36980589;4605883226;1670607300
36980589;1670607300;4605846972
36980589;4605846972;4605846969
36980589;4605846969;1965552421
36980589;1965552421;4605892933
36980589;4605892933;430023271
36980589;430023271;430023272
36980589;430023272;430023273
36980589;430023273;430023274
36980589;430023274;1670607311
36980592;296060328;3237192015
36980592;3237192015;885948032
36980592;885948032;430023279
36980592;430023279;885948031
36980592;885948031;430023280
36980593;430023261;430023281
36980593;430023281;430023280
36980594;430023280;430023282
36980594;430023282;5321346923
36980594;5321346923;430023284
36980594;430023284;430023285
36980594;430023285;5474314835
36980594;5474314835;5474314833
36980594;5474314833;5474314834
36980594;5474314834;430023286
36980594;430023286;5474314832
36980594;5474314832;5474314831
36980594;5474314831;430023287
36980594;430023287;430023288
36980698;430023288;430023750
36980698;430023750;885947979
36980698;885947979;430023751
37007106;430391870;5325648704
37007106;5325648704;430391869
37007106;430391869;5325648705
37007106;5325648705;430391868
37007106;430391868;5474314842
37007106;5474314842;430391867
37007106;430391867;5474314843
37007106;5474314843;1670607242
37007106;1670607242;5474314844
37007106;5474314844;430391866
37007106;430391866;5474314845
37007106;5474314845;885948056
37007106;885948056;5474314846
37007106;5474314846;430391864
37007106;430391864;5474314847
37007106;5474314847;430391863
37007106;430391863;5474314848
37007106;5474314848;5321346746
37007106;5321346746;5474314849
37007106;5474314849;430391862
37007106;430391862;5474314850
37007106;5474314850;5321346747
37007106;5321346747;5474314841
37007106;5474314841;430391856
37007106;430391856;5321346922
37007106;5321346922;1670607227
37007106;1670607227;430391854
37007106;430391854;430391851
37007106;430391851;1670607189
37007106;1670607189;5474314840
37007106;5474314840;5474314839
37007106;5474314839;430391849
37007106;430391849;5474314838
37007106;5474314838;5474314837
37007106;5474314837;5474314836
37007106;5474314836;5261214963
37007106;5261214963;5332031024
37007106;5332031024;430391847
37112935;1187411650;297369943
37112935;297369943;297369942
37112935;297369942;1187411615
37112935;1187411615;297369941
37112935;297369941;297369940
37262659;430284814;434137195
37262659;434137195;434137196
37262659;434137196;434137197
37262659;434137197;434137198
37262659;434137198;434137199
37262659;434137199;434137200
37262659;434137200;434137201
37262659;434137201;434137202
37262659;434137202;434137203
37262659;434137203;434137204
37262659;434137204;434137205
37262659;434137205;434137206
37262659;434137206;434137207
37262659;434137207;1105973259
37262659;1105973259;1105973256
37262659;1105973256;1105973264
37262659;1105973264;1105973261
37262659;1105973261;1105973252
37262659;1105973252;1105973251
37262659;1105973251;1105973257
37262659;1105973257;1105973254
37262660;434137200;434137208
37262660;434137208;1801521302
37262660;1801521302;1801521290
37262660;1801521290;1801521281
37262660;1801521281;1801521209
38446035;532488389;1728072265
38446035;1728072265;1728072269
38447245;454550112;454550113
38447245;454550113;454550114
38447245;454550114;454550116
38447245;454550116;454550117
38447245;454550117;454550118
38447246;454550116;454550120
38447246;454550120;454550121
38447246;454550121;454550122
38447246;454550122;454550123
38447246;454550123;2083179455
38447246;2083179455;454550124
38447246;454550124;454550125
38447246;454550125;454550126
38447246;454550126;4378186533
38447246;4378186533;454550127
38447246;454550127;454550129
38447247;454550126;2083179452
38447247;2083179452;454550130
38447247;454550130;454550112
42621523;532488368;114302671
42621523;114302671;114302673
42621523;114302673;114302677
42621523;114302677;114302681
42621523;114302681;114302686
42621523;114302686;114302690
42621523;114302690;114302691
42621523;114302691;114302693
42621523;114302693;4456681814
42621523;4456681814;4456681815
42621523;4456681815;114302694
42621523;114302694;114302699
42621526;532488363;114302744
42621526;114302744;114302741
42621526;114302741;114302737
42621526;114302737;5332114770
42621526;5332114770;114302732
42621526;114302732;26122652
42621526;26122652;1561621208
42621528;3755852730;4081008328
42621528;4081008328;429854683
42621528;429854683;532488450
42621528;532488450;2292564294
42621528;2292564294;430491189
42621528;430491189;532488447
42621528;532488447;454550118
42621528;454550118;280065445
42621528;280065445;532488421
42621528;532488421;532488424
42621528;532488424;532488442
42621528;532488442;532488445
42621528;532488445;532488401
42621528;532488401;532488405
42621528;532488405;532488408
42621528;532488408;532488410
42621528;532488410;532488413
42621528;532488413;2292597561
42621528;2292597561;532488415
42621528;532488415;532488418
42621528;532488418;280065286
42621528;280065286;532488389
42621528;532488389;532488391
42621528;532488391;532488393
42621528;532488393;532488395
42621528;532488395;532488398
42621530;532488398;1153073432
42621530;1153073432;4605883218
42621530;4605883218;532488371
42621530;532488371;532488374
42621530;532488374;532488377
42621530;532488377;532488380
42621530;532488380;532488383
42621530;532488383;4605883219
42621530;4605883219;2595671306
42621530;2595671306;532488386
42621530;532488386;532488352
42621530;532488352;532488360
42621531;532488360;1670426586
42621531;1670426586;2380495263
42621531;2380495263;280065086
42621531;280065086;1670426730
42621531;1670426730;532488349
42621531;532488349;1670401804
42621531;1670401804;532488344
42621531;532488344;3241140663
42621531;3241140663;532488347
42621531;532488347;280065679
42621532;532488366;532488363
42621533;114302667;532488368
75051332;885947916;3241140515
75051332;3241140515;2292597554
75051332;2292597554;3237191991
75051332;3237191991;3237191996
75051332;3237191996;4605846995
75051332;4605846995;885947918
75051337;296058742;885947957
75051337;885947957;885947958
75051337;885947958;885947959
75051337;885947959;885947960
75051337;885947960;885947936
75051337;885947936;885947935
75051337;885947935;4004264460
75051337;4004264460;885947934
75051337;885947934;5337740842
75051337;5337740842;885947933
75051337;885947933;885947932
75051337;885947932;4605847001
75051337;4605847001;885947931
75051337;885947931;4605847000
75051337;4605847000;885947930
75051337;885947930;4605846999
75051337;4605846999;5321347128
75051337;5321347128;885947929
75051337;885947929;3237191984
75051337;3237191984;3237191985
75051337;3237191985;4605846998
75051337;4605846998;2596033719
75051337;2596033719;885947915
75051346;885947945;3149004909
75051346;3149004909;5328028971
75051346;5328028971;5320445298
75051346;5320445298;5332030829
75051346;5332030829;5320445299
75051346;5320445299;885947948
75051346;885947948;3241140505
75051346;3241140505;4605847002
75051346;4605847002;885947951
75051356;885947962;2292597623
75051356;2292597623;2292597620
75051356;2292597620;2292597559
75051356;2292597559;3241140533
75051356;3241140533;2292597564
75051356;2292597564;5347824704
75051356;5347824704;3241140532
75051356;3241140532;5347824715
75051356;5347824715;2292597619
75051364;885947962;3241140553
75051364;3241140553;5321091053
75051364;5321091053;5321091054
75051364;5321091054;5321091055
75051364;5321091055;3241140551
75051364;3241140551;5413459133
75051364;5413459133;885947964
75051366;430023257;4605846965
75051366;4605846965;885947965
75051376;885947945;2292597622
75051376;2292597622;3149004914
75051376;3149004914;2292597605
75051376;2292597605;885947916
75051386;885947976;885947977
75051386;885947977;885947978
75051386;885947978;885947979
75051388;885947977;885947980
75051391;885947978;885947981
75051391;885947981;885947982
75051396;885947983;885947984
75051402;1670607300;280065680
75051402;280065680;885947985
75051410;885947966;2292597633
75051410;2292597633;5474378452
75051410;5474378452;5474378451
75051410;5474378451;5474378453
75051410;5474378453;885947992
75051410;885947992;885947991
75051410;885947991;885948027
75051410;885948027;885947980
75051410;885947980;430023288
75051410;430023288;430391847
75051410;430391847;5332031024
75051410;5332031024;885948057
75051410;885948057;885948041
75051410;885948041;885948045
75051410;885948045;1670607192
75051410;1670607192;5261214964
75051410;5261214964;430391870
75051410;430391870;296060331
75051423;885948003;1801521171
75051423;1801521171;885947983
75051423;885947983;5261214998
75051423;5261214998;885947982
75051423;885947982;885947976
75051423;885947976;885947991
75051426;4798725276;5320445306
75051426;5320445306;3224246997
75051426;3224246997;2596033793
75051426;2596033793;885948015
75051426;885948015;2596033823
75051426;2596033823;3224247895
75051426;3224247895;4605903367
75051426;4605903367;4605903365
75051426;4605903365;885948009
75051426;885948009;4605903362
75051426;4605903362;885948011
75051426;885948011;885948013
75051432;885947997;885948017
75051432;885948017;5321346923
75051438;885948017;1670607238
75051438;1670607238;1670607269
75051438;1670607269;885948019
75051438;885948019;4605846985
75051438;4605846985;4605846987
75051438;4605846987;885948021
75051438;885948021;4605846986
75051438;4605846986;885948023
75051438;885948023;430023280
75051444;885948017;1670607200
75051444;1670607200;885948024
75051444;885948024;4605846990
75051444;4605846990;885948025
75051444;885948025;5474314830
75051444;5474314830;885948026
75051444;885948026;885948027
75051455;885948029;430023279
75051457;885948032;885948028
75051457;885948028;885948029
75051457;885948029;885948030
75051457;885948030;885948031
75051461;885948009;4753156583
75051461;4753156583;4753156582
75051461;4753156582;3237192005
75051461;3237192005;3224244568
75051461;3224244568;3224244979
75051461;3224244979;885948033
75051474;885948041;885948042
75051474;885948042;5321346920
75051474;5321346920;1670607208
75051474;1670607208;885948043
75051474;885948043;5321346919
75051474;5321346919;1670607204
75051474;1670607204;885948044
75051474;885948044;885948045
75051479;885948050;885948051
75051479;885948051;885948052
75051479;885948052;885948053
75051479;885948053;430023751
75051483;430023751;885947984
75051483;885947984;885948054
75051486;430023279;5261214945
75051486;5261214945;885948056
90493442;742656905;1049871232
90493442;1049871232;3659213720
90493442;3659213720;3659213722
90493442;3659213722;3659213721
95361624;112638854;26122707
95361626;26122653;112640159
95361626;112640159;112640157
95361626;112640157;112640155
95361626;112640155;112640154
95361626;112640154;112640152
95361628;112640162;2489677554
95361628;2489677554;112640161
95361628;112640161;26122653
112479908;430023262;280065683
112479908;280065683;280065682
112479908;280065682;4605892935
112479908;4605892935;280065301
112479908;280065301;4526895872
112479908;4526895872;2083726470
112479908;2083726470;4526895870
112479917;280065295;4479796425
112479917;4479796425;4605883220
112479917;4605883220;280065679
112479937;4526895870;280065453
112479937;280065453;1942879361
112479937;1942879361;4605892934
112479937;4605892934;1942879350
112479937;1942879350;296060332
112479937;296060332;430023261
112479937;430023261;280065680
112479937;280065680;4605846966
112479937;4605846966;2083726466
112479937;2083726466;4605883225
112479937;4605883225;4605846967
112479937;4605846967;280065296
112479937;280065296;280065295
126502559;26122673;2486315188
126502559;2486315188;26122677
126502559;26122677;2486315192
126502559;2486315192;26122678
126502559;26122678;112640152
126502564;26122693;26122687
126502564;26122687;112641257
126502564;112641257;26122684
126502564;26122684;2486315142
126502564;2486315142;112641245
142698144;257735089;4585700104
142698144;4585700104;3166575044
142698144;3166575044;1561603663
142698144;1561603663;4585700106
142698144;4585700106;1561603673
142698144;1561603673;4457269884
142698144;4457269884;4585764200
142698144;4585764200;1561603733
142698144;1561603733;4457269885
142698144;4457269885;1561603770
142698144;1561603770;1561603787
142698144;1561603787;1561603789
142698144;1561603789;4457269881
142698144;4457269881;1561603815
142698144;1561603815;4457269882
142698144;4457269882;1561603824
142698144;1561603824;1561603844
142698144;1561603844;1561603847
142698144;1561603847;1561603868
142698144;1561603868;1561603865
142698144;1561603865;1561603840
142698145;1561603884;1561603876
142698145;1561603876;1561603879
142698145;1561603879;1561603881
142698145;1561603881;4004265918
142698145;4004265918;2489677565
142698145;2489677565;1561603887
142698145;1561603887;1561603889
142698145;1561603889;2489677570
142698145;2489677570;1561603873
142698145;1561603873;1561603871
142698145;1561603871;4573825352
142698145;4573825352;2489677571
142698145;2489677571;4573825353
142698145;4573825353;1561603830
142698145;1561603830;4573825354
142698145;4573825354;2489677573
142698145;2489677573;1561603821
142698145;1561603821;2489677574
142698145;2489677574;4573825355
142698145;4573825355;1561603826
142698145;1561603826;4573825356
142698145;4573825356;1561603833
142698145;1561603833;4573825357
142698145;4573825357;1561603837
142698145;1561603837;4573825358
142698145;4573825358;1561603871
142698147;1561603956;1561603948
142698149;1561604023;1561603981
142698153;1561603951;1561603940
142698156;1561603893;2489677562
142698156;2489677562;1561603891
142698156;1561603891;2489677563
142698156;2489677563;1561603884
142698156;1561603884;1561603819
142698156;1561603819;1561603788
142698156;1561603788;1561603786
142698156;1561603786;1561603731
142698156;1561603731;1561603680
142698156;1561603680;1561603625
142698156;1561603625;3241070516
142698156;3241070516;1561603598
142698156;1561603598;1561603594
142698156;1561603594;3241070503
142698156;3241070503;1561603578
142698156;1561603578;1561603539
142698158;1561604030;4598555620
142698158;4598555620;1561604011
142698158;1561604011;4598555619
142698158;4598555619;3139458289
142698158;3139458289;1561603980
142698158;1561603980;3139458261
142698158;3139458261;4598555622
142698158;4598555622;4598555623
142698158;4598555623;4598555621
142698158;4598555621;1561603986
142698159;1561603935;1561603932
142698159;1561603932;1561603920
142698161;1561603937;1561603981
142698161;1561603981;4457269828
142698161;4457269828;1561604066
142698162;1561603960;1561603958
142698162;1561603958;1561603953
142698162;1561603953;1561603954
142698163;1561603879;2489677567
142698163;2489677567;1561603828
142698163;1561603828;2489677568
142698163;2489677568;1561603813
142698163;1561603813;1561603783
142698163;1561603783;3241070525
142698164;1561603896;1561603932
142698164;1561603932;1561603951
142698164;1561603951;1561603953
142698165;1561604072;1561604076
142698167;1561604034;1561604028
142698167;1561604028;1561603983
142698167;1561603983;1561603978
142698168;1561604112;5328227028
142698168;5328227028;5328227032
142698168;5328227032;5328227035
142698168;5328227035;5328227030
142698168;5328227030;1561604069
142698168;1561604069;5328227074
142698168;5328227074;5328227089
142698168;5328227089;1561604059
142698168;1561604059;5328227065
142698168;5328227065;5328227067
142698168;5328227067;5328227069
142698168;5328227069;5328227071
142698168;5328227071;1561603961
142698169;1561604109;1561604074
142698170;1561604104;1561604105
142698170;1561604105;3139458251
142698170;3139458251;3139458249
142698170;3139458249;1561604074
142698171;1561603983;1561603957
142698171;1561603957;1561603956
142698171;1561603956;1561603960
142698171;1561603960;1561603962
142698173;1561604066;1561604072
142698174;1561604028;1561603962
142698174;1561603962;1561603959
142698174;1561603959;1561603954
142698174;1561603954;1561603935
142698174;1561603935;1561603923
142698180;1561604006;4598555617
142698180;4598555617;1561604021
142698180;1561604021;4598555618
142698180;4598555618;4598555614
142698180;4598555614;3456445898
142698180;3456445898;3139458289
142698183;1561603865;4457269835
142698183;4457269835;1561603920
142698183;1561603920;1561603940
142698183;1561603940;1561603946
142698183;1561603946;1561603948
142698183;1561603948;1561603955
142698183;1561603955;1561603976
142698183;1561603976;1561603978
142698183;1561603978;1561603980
142698184;1561604111;5328227076
142698184;5328227076;1561604113
142698184;1561604113;1561604112
142698184;1561604112;5328221105
142698184;5328221105;5328221107
142698184;5328221107;5328227027
142698184;5328227027;5328221109
142698184;5328221109;5328221111
142698184;5328221111;5328221113
142698184;5328221113;1561604063
142698184;1561604063;5328221104
142698184;5328221104;5328227050
142698184;5328227050;5328221115
142698184;5328221115;1561604056
142698184;1561604056;5328227025
142698184;5328227025;1561604023
142698184;1561604023;5328227021
142698184;5328227021;1561603979
142698184;1561603979;5328221117
142698184;5328221117;1561603977
142698184;1561603977;5328221116
142698184;5328221116;5328227073
142698184;5328227073;5328227072
142698184;5328227072;5328227070
142698184;5328227070;5328227068
142698184;5328227068;5328227026
142698184;5328227026;5328227066
142698184;5328227066;1561604069
142699176;1561621231;1561621210
142699176;1561621210;1561621206
142699176;1561621206;1561621204
142699176;1561621204;1561621202
142699176;1561621202;1561621201
142699176;1561621201;1561621198
142699176;1561621198;1561621197
142699176;1561621197;1561621173
142699176;1561621173;1561621164
142699176;1561621164;1561621162
142699176;1561621162;1561621148
142699176;1561621148;1561621138
142699177;1670426613;1670426623
142699177;1670426623;1561621171
142699177;1561621171;3230631197
142699177;3230631197;1561621181
142699177;1561621181;2292597568
142699177;2292597568;5413401443
142699177;5413401443;2292597587
142699177;2292597587;2292597616
142699178;1561621147;1561621149
142699178;1561621149;1561621142
142699178;1561621142;1561621135
142699179;1561621115;3230631181
142699179;3230631181;4004265890
142699179;4004265890;1561621132
142699179;1561621132;4004265893
142699179;4004265893;4004265896
142699179;4004265896;1670426613
142699181;1561621199;1561621184
142699181;1561621184;1561621164
142699184;1561621171;1561621147
142699184;1561621147;1561621135
142699184;1561621135;3230631184
142699184;3230631184;296058426
142699185;1561621080;1561621083
142699185;1561621083;1561621085
142699185;1561621085;1561621087
142699185;1561621087;26122670
142699185;26122670;297369946
142699186;1561621066;1561621058
142699186;1561621058;5474378518
142699186;5474378518;1561621053
142699186;1561621053;5474378517
142699186;5474378517;1561621050
142699186;1561621050;5474378519
142699186;5474378519;1561621048
142699186;1561621048;1561621045
142699187;1561621239;1561621236
142699187;1561621236;1561621231
142699187;1561621231;1561621228
142699187;1561621228;1561621214
142699187;1561621214;1561621208
149939905;2486315105;1628753294
149939905;1628753294;2486315099
149939905;2486315099;1628753283
149939905;1628753283;2486315102
149939905;2486315102;3250683245
149939905;3250683245;1628753293
149939905;1628753293;1628753285
154513063;1668824895;1670401806
154513063;1670401806;1670401816
154513063;1670401816;1670401840
154513063;1670401840;1670401841
154513063;1670401841;1670401861
154513064;1670401824;1670401847
154513064;1670401847;1670401827
154513064;1670401827;1670401829
154513064;1670401829;1670401830
154513064;1670401830;1670401789
154513064;1670401789;1670401831
154513064;1670401831;1670401854
154513064;1670401854;1670401839
154513065;1670401805;1670401799
154513065;1670401799;1670401800
154513065;1670401800;4605883222
154513065;4605883222;1670401808
154513065;1670401808;1670401819
154513065;1670401819;4605883223
154513065;4605883223;1670401803
154513066;1670401829;1670401849
154513066;1670401849;1670401845
154513067;1670401845;1670401861
154513067;1670401861;1670401821
154513067;1670401821;1670401784
154513067;1670401784;1670401834
154513067;1670401834;1670401833
154513067;1670401833;1670401843
154513068;1670401821;1670401851
154513068;1670401851;1670401857
154515189;1670426580;5331896259
154515189;5331896259;296059321
154515189;296059321;5331896240
154515189;5331896240;5331896246
154515189;5331896246;5331896221
154515189;5331896221;1670426599
154515189;1670426599;5474378468
154515189;5474378468;1670426667
154515189;1670426667;5320445295
154515189;5320445295;5474378462
154515189;5474378462;5320445294
154515189;5320445294;296058969
154515191;1670426580;5320445293
154515191;5320445293;1670426670
154515191;1670426670;1670426669
154515191;1670426669;5320445290
154515191;5320445290;1670426613
154515195;1670401834;1670426704
154515195;1670426704;1670426724
154515195;1670426724;1670426709
154515195;1670426709;1670426712
154515195;1670426712;1668824914
154515196;1670426580;5320445292
154515196;5320445292;1670426588
154515196;1670426588;1670426603
154515196;1670426603;5320445291
154515196;5320445291;1670426613
154515197;1670426634;5261214371
154515197;5261214371;1670426624
154515197;1670426624;5474378505
154515197;5474378505;1670426583
154515197;1670426583;1670426592
154515197;1670426592;5261214331
154515197;5261214331;1670426593
154515197;1670426593;1670426596
154515197;1670426596;5261214332
154515197;5261214332;1670426609
154515197;1670426609;1670426612
154515197;1670426612;5261214333
154515197;5261214333;1670426614
154515197;1670426614;1670426617
154515197;1670426617;1670426621
154515197;1670426621;1670426630
154515197;1670426630;2595671287
154515197;2595671287;5455321077
154515197;5455321077;1670426631
154515197;1670426631;3241162408
154515197;3241162408;5455321089
154515197;5455321089;1670426642
154515197;1670426642;5320445284
154515197;5320445284;5320445285
154515197;5320445285;1670426639
154515197;1670426639;5337830554
154515197;5337830554;1670426647
154515197;1670426647;5261214249
154515197;5261214249;5261214233
154515197;5261214233;1670426652
154515197;1670426652;1670426662
154515197;1670426662;5261214118
154515197;5261214118;1670426655
154515197;1670426655;5261214117
154515197;5261214117;1670426658
154515197;1670426658;1670426663
154515197;1670426663;296058969
154515201;2380495263;5261214663
154515201;5261214663;1670426600
154515201;1670426600;1670426582
154515201;1670426582;1670426597
154515201;1670426597;1670426611
154515201;1670426611;1670426618
154515201;1670426618;1670426627
154515201;1670426627;1670426581
154515201;1670426581;1670426589
154515201;1670426589;1670426587
154515201;1670426587;1670426598
154515201;1670426598;1670426595
154515201;1670426595;5261214409
154515201;5261214409;1670426601
154515201;1670426601;1670426604
154515201;1670426604;1670426607
154515201;1670426607;5261214405
154515201;5261214405;1670426608
154515201;1670426608;1670426615
154515201;1670426615;1670426616
154515201;1670426616;1670426620
154515201;1670426620;5332114757
154515201;5332114757;5261214367
154515201;5261214367;5261214368
154515201;5261214368;1670426626
154515201;1670426626;1670426634
154515204;1670426613;1670426638
154515204;1670426638;5331896267
154515204;5331896267;1670426644
154515204;1670426644;1670426650
154515204;1670426650;1670426653
154515204;1670426653;5454490813
154515204;5454490813;5454490814
154515204;5454490814;1670426654
154515204;1670426654;1670426656
154515204;1670426656;1670426659
154515204;1670426659;5320445289
154515204;5320445289;1561621244
154515204;1561621244;1561621248
154515204;1561621248;1561621250
154515206;1670426635;1670426628
154515206;1670426628;4605839396
154515206;4605839396;1670426641
154515206;1670426641;1670426636
154515206;1670426636;1561621252
154515206;1561621252;1561621250
154515206;1561621250;5328149428
154515206;5328149428;1561621246
154515206;1561621246;1561621242
154515206;1561621242;5454492466
154515206;5454492466;1561621239
154515208;280065086;2380495265
154515208;2380495265;2380495262
154515208;2380495262;1668824895
154515208;1668824895;280065205
154515208;280065205;280065156
154515208;280065156;1668824892
154515208;1668824892;1668824914
154515208;1668824914;1668824906
154515208;1668824906;3230560333
154515208;3230560333;1668824909
154515208;1668824909;280065091
154515208;280065091;1668824911
154515208;1668824911;280065157
154515208;280065157;1668824897
154515208;1668824897;1668824916
154515208;1668824916;1668824904
154515211;1670401845;1670401824
154515226;1670401841;1670426720
154515226;1670426720;3230560334
154515226;3230560334;1670426724
154523195;1670512018;1670512016
154523195;1670512016;1670512013
154523195;1670512013;1670512011
154523195;1670512011;1670512009
154523201;1668824906;3230560332
154523201;3230560332;1670512006
154523201;1670512006;1670512003
154532138;1670607400;1670607342
154532138;1670607342;5455355098
154532138;5455355098;1670607323
154532138;1670607323;5455355096
154532138;5455355096;5455355099
154532138;5455355099;5410851760
154532138;5410851760;5455355100
154532138;5455355100;5454372694
154532138;5454372694;1670607317
154532138;1670607317;5454372693
154532138;5454372693;5455355097
154532138;5455355097;5410851761
154532138;5410851761;5410851762
154532138;5410851762;5455355104
154532138;5455355104;1670607320
154532138;1670607320;5455355105
154532138;5455355105;5455355103
154532138;5455355103;5410851763
154532138;5410851763;5455355101
154532138;5455355101;5410851764
154532138;5410851764;5455355102
154532138;5455355102;1670607339
154532138;1670607339;1670607353
154532138;1670607353;1670607416
154532140;1670607300;1670607348
154532140;1670607348;1670607389
154532140;1670607389;1670607393
154532140;1670607393;5478142743
154532140;5478142743;5478142741
154532140;5478142741;1670607420
154532140;1670607420;5478142745
154532140;5478142745;1670607432
154532140;1670607432;1670607453
154532140;1670607453;1670607457
154532140;1670607457;1670607459
154532156;1670607238;1670607245
154532156;1670607245;1670607247
154532162;1670607269;1670607266
154532162;1670607266;4605846988
154532162;4605846988;5474314852
154532162;5474314852;1670607264
154532162;1670607264;5474314851
154532162;5474314851;4605846989
154532162;4605846989;1670607258
154532162;1670607258;1670607245
154532163;1670607200;1670607228
154532163;1670607228;1670607234
154532168;1670607446;1670607456
154532168;1670607456;1670607479
154532168;1670607479;1670607503
154532168;1670607503;1670607524
154532168;1670607524;1670607565
154532173;1670607393;1670607400
154532173;1670607400;1670607416
154532173;1670607416;1670607422
154532173;1670607422;5410851765
154532173;5410851765;5410851767
154532173;5410851767;1670607425
154532173;1670607425;5410851766
154532173;5410851766;1670607427
154532173;1670607427;1670607448
154532184;1670607353;1670607384
154532184;1670607384;5454372664
154532184;5454372664;5454372662
154532184;5454372662;5454372663
154532184;5454372663;1670607386
154532184;1670607386;1670607382
154532184;1670607382;1670607363
154532184;1670607363;1670607359
154532184;1670607359;5454372665
154532184;5454372665;1670607351
154532184;1670607351;1670607315
154532184;1670607315;1670607295
160766769;420865831;420865832
160766769;420865832;420865835
160766769;420865835;420865837
160766769;420865837;2083199394
160766769;2083199394;434134948
160766769;434134948;429205522
160766769;429205522;429205524
160766769;429205524;429205527
160766769;429205527;429205531
160766769;429205531;429205533
160766769;429205533;429205539
160766769;429205539;280065445
160766812;1728072269;532488418
160766824;1728072269;454531572
168970944;1801521171;885948054
168971084;1801521258;1801521274
168971084;1801521274;1801521296
168971084;1801521296;1801521304
168971084;1801521304;1801521303
168971084;1801521303;1801521288
168971098;1801521233;1801521258
168971098;1801521258;430019530
168971098;430019530;1801521273
168971098;1801521273;1801521275
168971098;1801521275;1801521288
168971098;1801521288;885948055
182517416;430023271;1670607396
182517417;1670607396;1942879393
182517417;1942879393;1928777578
182517417;1928777578;1932935101
182517417;1932935101;1932935177
182517417;1932935177;1670607570
182517417;1670607570;1928777544
182517417;1928777544;1929265703
182517417;1929265703;1932935103
182517417;1932935103;1928777545
182517417;1928777545;1978156524
182517417;1978156524;1928777554
182571213;1670512009;5261215941
182571213;5261215941;1942879406
182571213;1942879406;1929265698
182938251;1932935140;1932935138
182938251;1932935138;1932935174
182938251;1932935174;2816940709
182938251;2816940709;2816940710
182938251;2816940710;2816940711
182938251;2816940711;2816940712
182938251;2816940712;2816940713
182938251;2816940713;1932935173
182938251;1932935173;2137716292
182938251;2137716292;1932935175
182938251;1932935175;1932935142
182938251;1932935142;2137716293
182938251;2137716293;1932935146
182938251;1932935146;1932935107
182938251;1932935107;2816940706
182938251;2816940706;2816940707
182938251;2816940707;2816940708
182938251;2816940708;1932935124
182938251;1932935124;2137716294
182938251;2137716294;1932935140
182938255;1932935101;3755891285
182938255;3755891285;3755884601
182938255;3755884601;2137716295
182938255;2137716295;2137716293
198141497;2083179452;2083179453
198141497;2083179453;2083179454
198141497;2083179454;2083179455
198141497;2083179455;2083179456
198141497;2083179456;2083179457
198141497;2083179457;2083179458
198141497;2083179458;2083179459
198141497;2083179459;2083179460
198141497;2083179460;2083179467
198141497;2083179467;2083179468
198141497;2083179468;2083179469
198209816;492265193;280065465
198209816;280065465;280065464
198209816;280065464;885948013
198209816;885948013;280065463
198209816;280065463;2352721971
198209816;2352721971;280065687
198209816;280065687;280065461
198209816;280065461;3775811366
198209816;3775811366;280065460
198209816;280065460;4605892948
198209816;4605892948;4605892949
198209816;4605892949;280065686
198209816;280065686;3775844471
198209816;3775844471;3224242781
198209816;3224242781;5258299772
198209816;5258299772;280065685
198209816;280065685;2083726461
198209816;2083726461;4605892938
198209816;4605892938;430023262
203776622;1932935173;1932935128
203776622;1932935128;1932935132
203776622;1932935132;2816940715
203776622;2816940715;2816940714
203776622;2816940714;430023275
203776622;430023275;4605892935
204786520;1932935104;1932935152
204786520;1932935152;1932935127
204786520;1932935127;1932935176
204786520;1932935176;1932935154
204786520;1932935154;3224233055
204786520;3224233055;1932935102
204786520;1932935102;1932935144
204786520;1932935144;1932935158
204786520;1932935158;1932935148
204786520;1932935148;1932935110
204786520;1932935110;1932935150
204786520;1932935150;2816940716
204786520;2816940716;1932935124
206871908;2169195527;2169195504
206871908;2169195504;2169195515
206871908;2169195515;2169195480
206871908;2169195480;2169195468
206871908;2169195468;2169195551
206871908;2169195551;2169195453
206871908;2169195453;2169195543
206871908;2169195543;2169195573
206871908;2169195573;2169195506
206871908;2169195506;2169195521
206871908;2169195521;2169195535
206871908;2169195535;2169195484
206871908;2169195484;2169195531
206871908;2169195531;2169195512
206871908;2169195512;2169195509
206871910;2169195460;2169195512
206871911;2169195547;2169195518
206871911;2169195518;2169195488
207895265;429378649;2181385018
207895265;2181385018;2181385039
207895265;2181385039;2181385053
207895265;2181385053;2181385035
207895265;2181385035;2181385040
207895265;2181385040;2181385003
207895265;2181385003;4526777729
207895265;4526777729;2181385005
207895265;2181385005;2181385019
208089953;2184077128;2184077132
208089953;2184077132;3224244401
208089953;3224244401;2184077141
208089953;2184077141;2352721951
208089953;2352721951;2184077150
208089953;2184077150;4605892945
208089953;4605892945;4605892944
208089953;4605892944;2184077157
208089953;2184077157;4605892946
208089953;4605892946;4605892936
208089953;4605892936;4605892947
208089953;4605892947;4605892942
208089953;4605892942;280065683
208089954;2184077117;2184077124
208089954;2184077124;2184077129
208089954;2184077129;2184077126
208089954;2184077126;2184077131
208089954;2184077131;2184077133
208089954;2184077133;2184077134
208089954;2184077134;2184077135
208089954;2184077135;5332031093
208089954;5332031093;2184077140
208089954;2184077140;2184077142
208089954;2184077142;2184077146
208089954;2184077146;2184077147
208089954;2184077147;2184077153
208089954;2184077153;4605846977
208089954;4605846977;4605846978
208089954;4605846978;2184077151
208089954;2184077151;2184077149
208089955;2184077146;5261215445
208089955;5261215445;5261215446
208089955;5261215446;2184077143
208089956;2184077128;5332030965
208089956;5332030965;2184077114
208089956;2184077114;885948033
208089956;885948033;885948034
208089956;885948034;885948035
208089956;885948035;3224246440
208089956;3224246440;885948036
208089956;885948036;3224246441
208089956;3224246441;885948037
208089956;885948037;885948038
208089956;885948038;885948039
208089956;885948039;5476829047
208089956;5476829047;885948040
208089956;885948040;112628020
208089957;2184077120;2184077121
208089957;2184077121;2184077122
208089957;2184077122;2184077130
208089957;2184077130;2184077137
208089957;2184077137;2184077143
208089957;2184077143;2184077149
208089957;2184077149;2184077155
208089957;2184077155;2184077158
208089957;2184077158;4605846975
208089957;4605846975;2184077161
208089957;2184077161;4605846976
208089957;4605846976;296060328
208089958;2184077143;296060333
208089959;2184077140;2184077137
208089960;2184077149;2184077148
208089961;2184077137;296060330
208089962;2184077133;2184077130
208089963;2184077129;2184077136
208089963;2184077136;2184077135
208089964;2184077155;4605846974
208089964;4605846974;4605846981
208089964;4605846981;2184077154
208089964;2184077154;4605846980
208089964;4605846980;4605846979
208089964;4605846979;2184077156
208089964;2184077156;2184077151
208089965;2184077115;2184077116
208089965;2184077116;2184077117
208089965;2184077117;2184077119
208089965;2184077119;2184077123
208089965;2184077123;2184077125
208089965;2184077125;2184077127
208089965;2184077127;4605892937
208089965;4605892937;2184077128
219537590;112627997;112627998
219537590;112627998;1561621097
219537590;1561621097;3139458269
219537590;3139458269;112627999
219537590;112627999;112628000
219537591;112640152;112643065
219537591;112643065;112643064
219537591;112643064;112643062
219537591;112643062;1105973254
220137458;2292597552;2292597609
220137458;2292597609;2292597572
220137458;2292597572;532488401
220137459;2292597599;2292597601
220137459;2292597601;2292597624
220137459;2292597624;532488405
220137461;2292597598;3241140498
220137461;3241140498;2292597596
220137462;2292597586;2292597589
220137462;2292597589;2292597605
220137463;2292597606;2292597623
220137464;2292597586;3237191999
220137464;3237191999;3241140525
220137464;3241140525;5347824711
220137464;5347824711;885947918
220137465;2292597575;5455331241
220137465;5455331241;5321346403
220137465;5321346403;2292597574
220137466;2292597570;2292597620
220137467;3659217342;3659217344
220137467;3659217344;3659217343
220137467;3659217343;2292597593
220137467;2292597593;2292597636
220137467;2292597636;2292597617
220137467;2292597617;2292597560
220137467;2292597560;2292597599
220137468;2292597553;2292597595
220137468;2292597595;2292597592
220137468;2292597592;2292597618
220137468;2292597618;2292597634
220137468;2292597634;2292597637
220137468;2292597637;2292597553
220137469;2292597599;2292597577
220137469;2292597577;2292597565
220137469;2292597565;2292597607
220137469;2292597607;2292597561
220137470;3659217339;3659217340
220137470;3659217340;3659217341
220137470;3659217341;3659217342
220137470;3659217342;2292597631
220137470;2292597631;3659217328
220137470;3659217328;3659217329
220137470;3659217329;3659217327
220137470;3659217327;3659217334
220137470;3659217334;3659217335
220137470;3659217335;3659217336
220137470;3659217336;3659217337
220137470;3659217337;2292597627
220137470;2292597627;3659217338
220137470;3659217338;3659217330
220137470;3659217330;3659217331
220137470;3659217331;3659217332
220137470;3659217332;2292597567
220137470;2292597567;3659217333
220137470;3659217333;3659217339
220137471;2292597582;3241140501
220137471;3241140501;2292597569
220137471;2292597569;2292597613
220137471;2292597613;5320445300
220137471;5320445300;2292597549
220137471;2292597549;2292597576
220137471;2292597576;885947951
220137472;2292597565;2595671254
220137472;2595671254;2595671357
220137472;2595671357;2292597594
220137472;2292597594;2595671356
220137472;2595671356;2595671296
220137472;2595671296;2292597624
220137472;2292597624;2595671286
220137472;2595671286;2595671304
220137472;2595671304;2292597608
220137472;2292597608;2595671290
220137472;2595671290;2595671343
220137472;2595671343;532488410
220137472;532488410;2595671278
220137472;2595671278;2595671277
220137472;2595671277;2292597563
220137472;2292597563;2595671311
220137472;2595671311;2595671337
220137472;2595671337;2292597565
220137474;2292597632;2292597588
220137474;2292597588;2292597578
220137474;2292597578;5320445296
220137474;5320445296;5410925221
220137474;5410925221;5320445297
220137474;5320445297;2292597571
220137474;2292597571;885947967
220137474;885947967;885947966
220137474;885947966;885947993
220137474;885947993;4605846991
220137474;4605846991;5413429243
220137474;5413429243;5328030030
220137474;5328030030;5413429242
220137474;5413429242;2292597628
220137474;2292597628;5328030031
220137474;5328030031;2292597621
220137474;2292597621;5413429244
220137474;5413429244;5413459126
220137474;5413459126;2292597614
220137474;2292597614;5413459127
220137474;5413459127;5413429245
220137474;5413429245;5413459128
220137474;5413459128;5413429246
220137474;5413429246;885947994
220137474;885947994;3241140540
220137474;3241140540;3241140547
220137474;3241140547;885947964
220137475;2292597611;2292597629
220137475;2292597629;5455331254
220137475;5455331254;2292597600
220137475;2292597600;2292597580
220137475;2292597580;5455331253
220137475;5455331253;2292597611
220137476;2292597625;5347867792
220137476;5347867792;5347824696
220137476;5347824696;2292597591
220137476;2292597591;2292597556
220137476;2292597556;2292597559
220137477;1105973261;2595671377
220137477;2595671377;2595671294
220137477;2595671294;2595671235
220137477;2595671235;2595671326
220137477;2595671326;2595671262
220137477;2595671262;2595671246
220137477;2595671246;2292597579
220137477;2292597579;2292597573
220137477;2292597573;2292597555
220137477;2292597555;2292597584
220137477;2292597584;2292597630
220137477;2292597630;2292597567
220137479;4567258253;2292597558
220137479;2292597558;885947981
220137480;2292597615;2292597635
220137480;2292597635;2292597585
220137480;2292597585;2292597583
220137481;5320445283;5320445282
220137481;5320445282;5320445281
220137481;5320445281;5320445280
220137481;5320445280;2292597590
220137481;2292597590;2292597557
220137481;2292597557;2292597562
220137481;2292597562;1670426652
220137482;2292597604;2292597603
224644820;112628000;112628001
224644820;112628001;2486710650
224644820;2486710650;112628005
224644820;112628005;112629313
224644820;112629313;2486710651
224644820;2486710651;2486315150
224644820;2486315150;2486710652
224644820;2486710652;26122848
224644820;26122848;112628006
224644820;112628006;291991193
224644820;291991193;5474378514
224644820;5474378514;5474378515
224644820;5474378515;5474378516
224644820;5474378516;1561621066
224644820;1561621066;1561621060
224644820;1561621060;2583954419
224644820;2583954419;112628010
224644820;112628010;112628012
224644820;112628012;112628013
224644820;112628013;112628014
224644820;112628014;2292597596
224644820;2292597596;3241140499
224644820;3241140499;2292597582
224644820;2292597582;1561604006
224644820;1561604006;1561604053
224644820;1561604053;3139458268
224644820;3139458268;3139458022
224644820;3139458022;1561604104
224644820;1561604104;1561604110
224644820;1561604110;885948003
224644820;885948003;5486537273
224644820;5486537273;5474314828
224644820;5474314828;112628017
224644820;112628017;5476829069
224644820;5476829069;112628019
224644820;112628019;112628020
224644820;112628020;5476829068
224644820;5476829068;2486710655
224644820;2486710655;112628022
224644820;112628022;5476829049
224644820;5476829049;5476829050
224644820;5476829050;112628023
224644820;112628023;4604273017
224644820;4604273017;112628024
224644820;112628024;4604273016
224644820;4604273016;112628025
224644820;112628025;4604273018
224644820;4604273018;5476829067
224644820;5476829067;5476829026
224644820;5476829026;112628026
224644820;112628026;5476829025
224644820;5476829025;296060854
224644820;296060854;112628027
224644820;112628027;1837851206
224644820;1837851206;5476829022
224644820;5476829022;492795582
224644820;492795582;1837851182
224644820;1837851182;3897692305
224644820;3897692305;111641067
224644820;111641067;5476829020
224644820;5476829020;5476877544
224644820;5476877544;5476829019
224644820;5476829019;111641069
224644820;111641069;3139458015
224644820;3139458015;422548043
224644820;422548043;111641070
224644820;111641070;111641071
224644820;111641071;2334439520
226444521;2352721965;2352721957
226444521;2352721957;2352721954
226444521;2352721954;2352721959
226444521;2352721959;3237192012
226444521;3237192012;2352721953
226444521;2352721953;2352721956
226444521;2352721956;2352721966
226444521;2352721966;2352721960
226444521;2352721960;2352721964
226444521;2352721964;2352721970
226444521;2352721970;2352721958
226444521;2352721958;2352721961
226444521;2352721961;2352721951
240884742;297369936;2169195547
240884742;2169195547;2169195509
240884742;2169195509;3573222100
240990099;2169195524;2169195476
240990099;2169195476;2169195576
240990099;2169195576;2486710618
240990099;2486710618;2169195539
240990099;2169195539;2486710617
240990099;2486710617;2169195472
240990099;2169195472;2486710616
240990099;2486710616;2169195464
240990099;2169195464;2169195501
240990100;2169195524;2486710625
240990100;2486710625;2486710624
240990100;2486710624;2486710623
240990100;2486710623;2486710622
240990100;2486710622;2486710621
240990100;2486710621;2486710620
240990100;2486710620;2486710619
240990100;2486710619;112637633
240990100;112637633;26122667
240990100;26122667;112637635
240990100;112637635;26122668
240990100;26122668;112637638
240990100;112637638;26122669
240990100;26122669;2486710633
240990100;2486710633;26122670
240990100;26122670;1561621092
240990100;1561621092;2486710642
240990100;2486710642;2486710637
240990100;2486710637;2486710640
240990100;2486710640;2486710641
240990101;2489677554;2489677552
240990101;2489677552;2489677550
241284062;2489677550;2489677549
241284062;2489677549;2489677546
241284062;2489677546;2489677544
241284062;2489677544;112636626
241284062;112636626;2486315179
241284062;2486315179;112636627
241284062;112636627;2486315177
241284062;2486315177;26122654
241284062;26122654;2486315168
241284062;2486315168;26122655
241284062;26122655;112636630
241284062;112636630;2486315171
241284062;2486315171;26122656
241284062;26122656;112636633
241284062;112636633;2486315174
241284062;2486315174;26122657
241284062;26122657;112636636
241284062;112636636;26122658
241284062;26122658;112636640
241284062;112636640;26122659
241284062;26122659;112628000
241284063;2489677577;2489677579
241284063;2489677579;2489677580
241284063;2489677580;2489677582
241284063;2489677582;2489677583
241284063;2489677583;2489677585
241284063;2489677585;2489677586
241284063;2489677586;2489677588
241284063;2489677588;2489677590
251257655;2486710650;2486710649
251257655;2486710649;2486710647
251257655;2486710647;2486710648
251257655;2486710648;26122699
251257655;26122699;26122698
251257655;26122698;3573222120
251257655;3573222120;2486315146
251257655;2486315146;26122697
251257655;26122697;26122693
252339799;2486710634;1187411657
252339799;1187411657;1187411630
252339799;1187411630;1187411665
252339799;1187411665;3139458269
252339799;3139458269;2486315181
252339799;2486315181;112630797
252339799;112630797;2486315185
252339799;2486315185;26122672
252339799;26122672;26122673
253669170;1670426595;5261214407
253669170;5261214407;2595671309
253669170;2595671309;5410851759
253669170;5410851759;2595671269
253669170;2595671269;5261214419
253669170;5261214419;2595671267
253669170;2595671267;2595671280
253669170;2595671280;5261214623
253669170;5261214623;2595671220
253669171;430023263;2595671289
253669171;2595671289;2595671276
253669171;2595671276;2595671263
253669171;2595671263;5455320977
253669171;5455320977;2595671233
253669171;2595671233;2595671247
253669171;2595671247;2595671352
253669171;2595671352;5347882394
253669171;5347882394;5347882395
253669171;5347882395;2595671231
253669171;2595671231;2595671219
253669171;2595671219;5261207536
253669171;5261207536;5321214366
253669171;5321214366;5321214367
253669171;5321214367;5455321102
253669171;5455321102;5455321103
253669171;5455321103;5321214364
253669171;5321214364;5455321101
253669171;5455321101;5455321099
253669171;5455321099;5455321100
253669171;5455321100;5321214365
253669171;5321214365;5455321095
253669171;5455321095;5455321097
253669171;5455321097;5321214363
253669171;5321214363;5455321098
253669171;5455321098;5321214405
253669171;5321214405;2595671251
253669171;2595671251;5321214406
253669171;5321214406;2595671312
253669171;2595671312;2595671225
253669171;2595671225;2595671272
253669172;2595671287;2595671302
253669172;2595671302;5261214280
253669172;5261214280;5320445287
253669172;5320445287;5261214264
253669172;5261214264;2595671310
253669172;2595671310;5261214266
253669172;5261214266;2595671330
253669172;2595671330;2595671215
253669172;2595671215;5261214267
253669172;5261214267;2595671371
253669172;2595671371;1670426659
253669179;2595671212;5455321119
253669179;5455321119;5455320975
253669179;5455320975;2595671324
253669183;2595671251;2595671360
253669183;2595671360;2595671268
253669183;2595671268;5455320981
253669183;5455320981;5455320984
253669183;5455320984;5455321035
253669183;5455321035;2595671228
253669186;2595671360;5455321045
253669186;5455321045;5455320978
253669186;5455320978;5455320979
253669186;5455320979;2595671261
253669186;2595671261;2595671308
253669186;2595671308;3230631201
253669186;3230631201;2595671212
253669186;2595671212;5261207564
253669186;5261207564;5455321311
253669186;5455321311;2595671282
253669186;2595671282;430023260
253669188;2595671232;5261214403
253669188;5261214403;2595671249
253669188;2595671249;1670426589
253669194;2595671261;5455320989
253669194;5455320989;5261207570
253669194;5261207570;5261207569
253669194;5261207569;2595671297
253669202;1670426641;2595671237
253669202;2595671237;5474378501
253669202;5474378501;2595671298
253669203;2595671298;2595671291
253713334;2596033825;2596033778
253713334;2596033778;2596033725
253713334;2596033725;2596033682
253713334;2596033682;2596033745
253713334;2596033745;2596033795
253713334;2596033795;2596033810
253713335;2596033765;2596033695
253713337;2596033719;4605846997
253713337;4605846997;2596033802
253713337;2596033802;2596033708
253713337;2596033708;2596033690
253713337;2596033690;2596033806
253713339;2292597554;5455331246
253713339;5455331246;2292597610
253713339;2292597610;2292597611
253713341;2596033693;2292597580
253713344;2596033799;2596033690
253713347;2596033808;2596033784
253713348;532488391;2596033782
253713348;2596033782;2596033821
253713348;2596033821;2596033810
253713348;2596033810;2596033825
253713348;2596033825;2596033771
253713348;2596033771;2596033765
253713348;2596033765;2596033808
253713348;2596033808;2596033748
253713348;2596033748;2596033768
253713348;2596033768;2596033776
253713348;2596033776;2596033753
253713348;2596033753;2596033713
253713348;2596033713;2596033710
253713348;2596033710;2596033817
253713348;2596033817;2596033741
253713348;2596033741;2596033756
253713348;2596033756;2596033774
253713348;2596033774;2596033804
253713348;2596033804;2596033797
253713350;2292597600;2596033738
253713352;532488349;5332224100
253713352;5332224100;5321346120
253713352;5321346120;2596033762
255415316;1668824904;3345718930
255415316;3345718930;1728072392
255415316;1728072392;1670512028
255415316;1670512028;1670426717
255415316;1670426717;1728072632
255415316;1728072632;1728072669
255415316;1728072669;3569490413
255415316;3569490413;1728072878
255415316;1728072878;1670531182
255415316;1670531182;1728072886
255415316;1728072886;1728072946
255415316;1728072946;3222765631
255415316;3222765631;3222765640
255415316;3222765640;1728072987
255415316;1728072987;4699555610
255415316;4699555610;1919773579
255415316;1919773579;1919773703
255415316;1919773703;1728073043
255415317;1668824904;1670512009
255415317;1670512009;1670607496
255415317;1670607496;3755877789
255415317;3755877789;1670607488
255415317;1670607488;1670607485
255415317;1670607485;1670607483
255415317;1670607483;1670607472
255415317;1670607472;3755869325
255415317;3755869325;1670607462
255415317;1670607462;3755884950
255415317;3755884950;1670607461
255415317;1670607461;1670607459
255415317;1670607459;1670607458
255415317;1670607458;1965552426
255415317;1965552426;5347960908
255415317;5347960908;1670607451
255415317;1670607451;1670607446
255415317;1670607446;5478143297
255415317;5478143297;5478143295
255415317;5478143295;5478143296
255415317;5478143296;1670607430
255415317;1670607430;5478142746
255415317;5478142746;1670607423
255415317;1670607423;5478142755
255415317;5478142755;1928777559
255415317;1928777559;5478142748
255415317;5478142748;1670607413
255415317;1670607413;1670607396
267374407;429378649;2728364872
267374407;2728364872;2728364876
274187613;1628753289;1628753296
274187613;1628753296;1628753284
274187613;1628753284;2486315108
274187613;2486315108;1628753295
274187613;1628753295;2486315105
277165860;1932935174;2816940717
277165860;2816940717;3241224121
277165860;3241224121;3241224122
277165860;3241224122;2816940718
277165860;2816940718;3241224120
277165860;3241224120;3224242770
277165860;3224242770;3224242771
277165860;3224242771;3224242772
277165860;3224242772;3224242776
277165860;3224242776;3224242775
277165860;3224242775;3224242774
277165860;3224242774;3224242773
277165860;3224242773;3224242776
277165862;2816940720;3224243842
277165862;3224243842;3241224118
277165862;3241224118;3241224119
277165862;3241224119;2816940718
283529762;2292597604;2873760970
283529762;2873760970;2873760973
283529762;2873760973;2873760971
283529762;2873760971;2873760967
283529762;2873760967;2873760968
283529762;2873760968;2873760966
283529762;2873760966;2873760974
283529762;2873760974;2873760972
283529762;2873760972;2873760969
308678905;3139458022;3139458252
308678905;3139458252;3139458229
308678905;3139458229;3139458247
308678908;1561604072;3139458023
308678908;3139458023;3139458251
308678908;3139458251;3139458004
308678908;3139458004;1561604110
308678912;3139458247;3139458295
308678912;3139458295;3139458254
308678912;3139458254;3139458268
308678915;1561604074;1561604066
308678931;112613542;4604273027
308678931;4604273027;4604273028
308678931;4604273028;4604273029
308678931;4604273029;4604273030
308678931;4604273030;1801521306
308678931;1801521306;4604273031
308678931;4604273031;5476829046
308678931;5476829046;112628020
308678937;3139458261;3456445897
308678937;3456445897;4598555614
308678937;4598555614;4598555615
308678937;4598555615;1561604026
308678937;1561604026;4598555616
308678937;4598555616;1561604053
309557714;3149004909;3149004913
309557714;3149004913;5328028979
309557714;5328028979;3149004910
309557714;3149004910;3149004911
309557714;3149004911;3149004912
309557714;3149004912;3149004913
309557715;3149004914;3573222257
309557715;3573222257;3149004915
309557716;3149004915;3149004916
309557716;3149004916;3149004917
309557716;3149004917;5321040646
309557716;5321040646;3573222257
309557716;3573222257;5321040666
309557716;5321040666;5456747074
309557716;5456747074;3149004918
309557717;3149004916;5321040670
309557717;5321040670;5321040701
309557717;5321040701;3149004919
311110902;3166566529;3166566530
311110902;3166566530;3166566531
311110902;3166566531;3166566532
311110902;3166566532;3166566533
311110902;3166566533;3166566534
311110902;3166566534;3166566535
311110902;3166566535;3166566536
311110902;3166566536;3166566537
311110902;3166566537;3166566538
316314639;3224233055;3224233056
316314639;3224233056;3762480399
316314639;3762480399;3762480398
316314639;3762480398;3762480400
316314639;3762480400;3224233057
316315039;1867923587;3224240981
316315039;3224240981;3224240994
316315039;3224240994;3224240982
316315060;3224240994;3224240995
316315060;3224240995;3224240996
316315060;3224240996;3224240997
316315060;3224240997;3224240998
316315060;3224240998;3224240999
316315069;3224241003;3224241004
316315069;3224241004;3224241005
316315069;3224241005;3224241006
316315069;3224241006;3224241008
316315069;3224241008;3224241009
316315069;3224241009;1867923695
316315286;3224243842;3224243843
316315286;3224243843;3224243844
316315286;3224243844;3224243845
316315286;3224243845;3224243846
316315291;3224242781;5258299771
316315291;5258299771;3224243998
316315291;3224243998;3224242782
316315291;3224242782;3224242783
316315329;3224243998;3224244003
316315329;3224244003;3224243999
316315329;3224243999;3224244000
316315329;3224244000;3224244001
316315329;3224244001;3224244002
316315329;3224244002;3224244003
316315346;3224242783;3224238433
316315346;3224238433;3224238434
316315369;3224244401;3224244402
316315369;3224244402;3224244403
316315369;3224244403;3224244404
316315375;3224244568;3224244569
316315467;3224244979;3224246436
316315467;3224246436;3224244980
316315467;3224244980;3224244981
316315467;3224244981;3224244982
316315467;3224244982;3224244983
316315467;3224244983;3224244984
316315467;3224244984;3224244985
316315467;3224244985;3224244986
316315467;3224244986;3224244987
316315467;3224244987;3224244988
316315467;3224244988;3224244990
316315467;3224244990;3224244991
316315467;3224244991;3224244992
316315467;3224244992;5320445304
316315467;5320445304;3224244993
316315467;3224244993;3224244994
316315467;3224244994;5320445303
316315467;5320445303;5320445302
316315467;5320445302;885948035
316315604;3224246436;3224246437
316315604;3224246437;3224246438
316315604;3224246438;3224246439
316315604;3224246439;885948035
316315851;3224244981;3224248871
316315851;3224248871;3224248872
316315851;3224248872;3224248873
316872683;1670401803;4605883224
316872683;4605883224;1670401786
316872683;1670401786;1670401801
316872683;1670401801;1670401795
316872683;1670401795;1670401797
316872683;1670401797;1670401804
316872684;1670512003;1670512005
316872684;1670512005;1670512007
316872684;1670512007;1670512008
316872684;1670512008;1670512002
316872684;1670512002;1670512001
316872684;1670512001;1670512000
316879352;3230631201;5455321120
316879352;5455321120;5455320976
316879352;5455320976;3230631202
316879353;2292597574;3230631199
316879353;3230631199;3230631198
316879354;296058969;3230631200
316879354;3230631200;2292597574
316879355;296058969;3230631198
316879355;3230631198;3230631196
316879355;3230631196;5331896016
316879355;5331896016;5454490788
316879355;5454490788;5454490789
316879355;5454490789;5331896011
316879355;5331896011;5454490797
316879355;5454490797;5454490795
316879355;5454490795;5454490798
316879355;5454490798;5454490794
316879355;5454490794;5454490796
316879355;5454490796;296058886
316879356;885947934;2596033802
316879357;1670426634;1670426632
316879357;1670426632;1670426635
316879358;3230631196;5455320216
316879358;5455320216;5331896220
316879358;5331896220;5261213399
316879358;5261213399;5321384106
316879358;5321384106;3230631191
316879358;3230631191;5455320857
316879358;5455320857;5321384118
316879358;5321384118;5455320856
316879358;5455320856;5321384119
316879358;5321384119;5455320858
316879358;5455320858;3230631192
316879359;3230631189;3230631190
316879360;3230631175;3230631185
316879360;3230631185;3230631186
316879360;3230631186;3230631187
316879360;3230631187;3230631189
316879360;3230631189;5455320194
316879360;5455320194;5331896223
316879360;5331896223;3230631195
316879361;1670426614;5332114731
316879361;5332114731;5332114727
316879361;5332114727;5332114728
316879361;5332114728;5332114729
316879361;5332114729;5332114730
316879361;5332114730;2595671369
316879361;2595671369;5332114726
316879361;5332114726;2595671214
316879361;2595671214;2595671218
316879361;2595671218;2595671228
316879361;2595671228;5261214321
316879361;5261214321;2595671328
316879361;2595671328;2595671292
316879361;2595671292;2595671349
316879361;2595671349;5455321259
316879361;5455321259;5455321269
316879361;5455321269;2595671297
316879361;2595671297;2595671244
316879361;2595671244;5455321258
316879361;5455321258;3230631202
316879361;3230631202;2595671284
316879361;2595671284;2595671324
316879361;2595671324;5261214401
316879361;5261214401;2595671232
316879362;430023260;3241140558
316879362;3241140558;2595671266
316879362;2595671266;5455321227
316879362;5455321227;2595671239
316879362;2595671239;5455321308
316879362;5455321308;2595671300
316879362;2595671300;5455321309
316879362;5455321309;5455321307
316879362;5455321307;5455321310
316879362;5455321310;2595671256
316879362;2595671256;2595671325
316879362;2595671325;2595671232
316879363;2595671298;4605838380
316879363;4605838380;2595671274
316879363;2595671274;2595671271
316879364;2596033690;4605847003
316879364;4605847003;5441522070
316879364;5441522070;5261215997
316879364;5261215997;5261215998
316879364;5261215998;2596033750
316879365;3230631197;5261213809
316879365;5261213809;5261214032
316879365;5261214032;5261214033
316879365;5261214033;3230631193
316879365;3230631193;3230631194
316879365;3230631194;3230631188
317452389;280065687;3237192013
317452389;3237192013;3237192014
317452389;3237192014;3237192016
317452390;885947967;5410905414
317452390;5410905414;885947970
317452390;885947970;5410905415
317452390;5410905415;4605846993
317452390;4605846993;5410905416
317452390;5410905416;885947971
317452390;885947971;5410905417
317452390;5410905417;4605846994
317452390;4605846994;885947972
317452390;885947972;885947973
317452390;885947973;5410905420
317452390;5410905420;3241140513
317452390;3241140513;5410905419
317452390;5410905419;885947974
317452390;885947974;5410905418
317452390;5410905418;885947975
317452390;885947975;885947945
317452391;2352721967;2352721969
317452391;2352721969;2352721965
317452391;2352721965;2352721968
317452391;2352721968;2352721952
317452391;2352721952;2352721963
317452391;2352721963;2352721971
317452392;3237192012;3237192011
317452392;3237192011;3237192010
317452392;3237192010;3237192009
317452393;2596033731;4605903363
317452393;4605903363;4605903366
317452393;4605903366;4605903365
317452394;885947916;3241140514
317452394;3241140514;5321347138
317452394;5321347138;3237191985
317452396;885947918;3241140526
317452396;3241140526;2596033693
317452396;2596033693;5347824712
317452396;5347824712;2596033738
317452396;2596033738;5347824708
317452396;5347824708;5347824710
317452396;5347824710;3241140527
317452396;3241140527;5456747072
317452396;5456747072;885947924
317808826;3241140505;3241140508
317808827;3241140663;3241140662
317808827;3241140662;5332224084
317808827;5332224084;5261214667
317808827;5261214667;5321346119
317808827;5321346119;3241140661
317808827;3241140661;3241140560
317808827;3241140560;2595671239
317808828;885947951;3241140502
317808828;3241140502;3241140504
317808828;3241140504;885947934
317808829;885947934;3241140506
317808829;3241140506;3241140503
317808829;3241140503;885947951
317808830;885947964;5413429247
317808830;5413429247;3241140554
317808830;3241140554;5413459129
317808830;5413459129;1670607194
317808830;1670607194;885947995
317808830;885947995;5413459590
317808830;5413459590;5413459591
317808830;5413459591;1670607232
317808830;1670607232;5413459593
317808830;5413459593;5413459592
317808830;5413459592;5413459594
317808830;5413459594;885947996
317808830;885947996;5413459595
317808830;5413459595;885947997
317808830;885947997;5413459596
317808830;5413459596;1670607236
317808830;1670607236;885947999
317808830;885947999;885948000
317808830;885948000;3241140559
317808830;3241140559;885947985
317808831;885947985;1670607273
317808831;1670607273;1670607276
317808831;1670607276;1670607279
317808831;1670607279;885947986
317808831;885947986;1670607277
317808831;1670607277;885947987
317808831;885947987;885947988
317808831;885947988;5261214835
317808831;5261214835;885947965
317808831;885947965;885947989
317808831;885947989;885947962
317808832;296058746;3241140546
317808832;3241140546;3241140550
317808832;3241140550;885947962
317808836;3241140499;3241140500
317808836;3241140500;3241140501
317811023;5321214367;5455321105
317811023;5455321105;5455321063
317811023;5455321063;3241162410
317811023;3241162410;5455321082
317811023;5455321082;3241162406
317811024;296059595;5410850153
317811024;5410850153;5455331234
317811024;5455331234;5410850152
317811024;5410850152;3241162392
317811024;3241162392;3241162398
317811025;3241162402;5328029020
317811025;5328029020;3241162400
317811025;3241162400;3241162395
317811025;3241162395;5328030021
317811025;5328030021;3241162397
317811026;3241162392;3241162397
317811026;3241162397;3241162402
317811026;3241162402;3241162407
317811027;3241162403;5455321080
317811027;5455321080;3241162407
317811027;3241162407;5455321081
317811027;5455321081;3241162410
317811027;3241162410;3241162413
317811027;3241162413;5410850159
317811027;5410850159;5410850160
317811027;5410850160;3241162412
317811027;3241162412;5410850158
317811027;5410850158;5410850154
317811027;5410850154;5410850157
317811027;5410850157;5295578309
317811027;5295578309;5410850155
317811027;5410850155;5410850156
317811027;5410850156;3241162411
317811027;3241162411;3241162408
317816200;1670607396;1670607391
317816200;1670607391;1670607354
317816200;1670607354;1670607345
317816200;1670607345;1670607311
317816201;1670607459;1670607475
317816201;1670607475;1670607492
317816201;1670607492;1670607498
317816201;1670607498;1670607519
317816201;1670607519;1670607525
317816201;1670607525;1670607538
317816201;1670607538;1670607561
317816202;1867923587;3762481821
317816202;3762481821;1867923553
317816202;1867923553;2816940718
317816203;3762473946;3762477684
317816203;3762477684;1867923700
317816203;1867923700;1867923682
317816203;1867923682;3762486300
317816203;3762486300;1867923751
317816203;1867923751;1867923754
317816203;1867923754;3224241003
317816203;3224241003;1867923593
317816203;1867923593;1867923692
317816203;1867923692;1867923709
317816203;1867923709;1867923572
317816203;1867923572;1867923695
317816203;1867923695;1867923587
317816204;3224241006;3224240995
332568538;430023271;296060332
351525684;3573222100;3573222102
351525684;3573222102;3573222103
351525685;297369940;2169195501
351525685;2169195501;3573222101
351525685;3573222101;3573222100
351525769;3573222103;3573222105
351525769;3573222105;3573222106
351525769;3573222106;3573222111
351525769;3573222111;3573222122
351525769;3573222122;1187411650
351525777;1187411650;297369944
351525777;297369944;297369945
351525777;297369945;297369946
351525777;297369946;297369947
351525777;297369947;2486710638
351525777;2486710638;2486710642
361448106;2292597612;1049871235
361448106;1049871235;1049871237
361448106;1049871237;532488398
361448107;3659213721;2292597612
361448108;3659213721;3659217326
361448108;3659217326;3659213723
361448108;3659213723;3659213724
361448108;3659213724;3659217325
361448109;3659217327;2292597626
361448109;2292597626;2292597612
361448110;3659217342;3659217345
361448110;3659217345;2292597612
361448111;2292597553;2292597627
370720915;1670607483;3744125167
370720915;3744125167;3744125168
370720915;3744125168;3744125169
370720915;3744125169;3744125177
370720915;3744125177;5410851775
370720915;5410851775;3744125170
370720915;3744125170;5410851774
370720915;5410851774;3744125171
370720915;3744125171;5410851773
370720915;5410851773;3744125172
370720915;3744125172;5410851772
370720915;5410851772;3744125173
370720915;3744125173;5410851771
370720915;5410851771;3744125174
370720915;3744125174;5410851770
370720915;5410851770;5410851769
370720915;5410851769;3744125175
370720915;3744125175;5410851768
370720915;5410851768;3744125176
370720915;3744125176;3744125177
372051610;3755869325;3755869326
372051610;3755869326;3755869327
372052127;1670512013;3755877785
372052127;3755877785;3755877786
372052253;3755877789;3755877790
372052253;3755877790;3755877791
372052253;3755877791;3755877792
372052828;3755884950;3755884951
372053126;3755884601;3755884602
372053126;3755884602;3755884607
372053126;3755884607;3755884603
372053126;3755884603;3755884604
372053126;3755884604;3755884605
372053126;3755884605;3755884606
372053126;3755884606;3755884607
372053970;3755891285;3755891286
374191790;3775811366;3775811367
374191790;3775811367;3775811368
374191790;3775811368;3775811369
374191790;3775811369;3775811370
374191790;3775811370;3775811371
374191790;3775811371;3775811372
374191790;3775811372;3775811373
374192946;3775824925;3775824926
374192946;3775824926;3775824927
374192946;3775824927;3775824928
374192946;3775824928;3775824929
374192946;3775824929;3775824930
374192946;3775824930;3775824931
374192946;3775824931;3775824932
374192946;3775824932;3775824933
374192946;3775824933;3775824934
374192946;3775824934;3775824935
374192946;3775824935;3775824936
374192946;3775824936;3775824937
374192946;3775824937;3775824938
374192946;3775824938;3775824939
374194949;3775844471;3775844472
374194949;3775844472;3775844473
374194949;3775844473;3775844474
374194949;3775844474;3775844475
374194949;3775844475;3775844476
374194949;3775844476;3775844477
397645644;4004264453;5323705495
397645644;5323705495;5323705494
397645644;5323705494;4004264454
397645644;4004264454;4004264455
397645644;4004264455;4004264456
397645644;4004264456;4004264457
397645644;4004264457;4004264459
397645644;4004264459;4004264458
397645645;4004264461;5321384122
397645645;5321384122;4004264464
397645645;4004264464;4004264465
397645653;4004265890;4004265891
397645653;4004265891;4004265892
397645653;4004265892;4004265893
397645653;4004265893;4004265894
397645653;4004265894;4004265895
397645653;4004265895;4004265890
397645654;4004265896;5261213600
397645654;5261213600;4004265897
397645654;4004265897;4004265898
397645654;4004265898;4004265899
397645654;4004265899;3230631190
397645658;4004265918;4598555611
397645658;4598555611;4004265919
397645658;4004265919;4598555610
397645658;4598555610;4004265920
415217109;4162652346;4162652347
415217109;4162652347;4162652348
415217109;4162652348;4162652349
415217109;4162652349;4162652350
415217109;4162652350;4162652351
415217109;4162652351;4162652352
415217109;4162652352;4162652353
415217109;4162652353;4162652354
415217109;4162652354;4162652355
415217109;4162652355;4162652356
415217109;4162652356;4162652357
415217109;4162652357;4162652358
415217109;4162652358;4162652359
415217109;4162652359;4162652360
415217109;4162652360;4162652361
415217109;4162652361;4162652362
415217109;4162652362;4162652363
415217109;4162652363;4162652364
415217109;4162652364;4162652365
415217109;4162652365;4162652366
415217109;4162652366;4162652367
415217109;4162652367;4162652368
415217109;4162652368;4162652369
415217109;4162652369;4162652370
415217109;4162652370;4162652371
415217109;4162652371;4162652372
415217109;4162652372;4162652373
415217109;4162652373;4162652374
415217109;4162652374;4162652375
415217109;4162652375;4162652376
415217109;4162652376;4162654322
415217109;4162654322;4162652377
415217109;4162652377;4162652378
415217109;4162652378;4162652379
415217109;4162652379;4162652380
415217109;4162652380;4162652381
415217109;4162652381;4162652382
415217109;4162652382;4162654321
415217109;4162654321;4162652383
415217109;4162652383;4162652384
415217109;4162652384;4162652385
415217109;4162652385;4162652386
415217109;4162652386;4162652387
415217109;4162652387;4162652388
415217109;4162652388;4162654289
415217109;4162654289;4162654290
415217109;4162654290;4162654327
415217109;4162654327;4162654291
415217109;4162654291;4162654292
415217109;4162654292;4162654293
415217109;4162654293;4162654463
415217109;4162654463;4162654294
415217109;4162654294;4162654295
415217109;4162654295;4162654296
415217109;4162654296;4162654297
415217109;4162654297;4162654298
415217110;4162652366;4162654299
415217110;4162654299;4162654300
415217110;4162654300;4162654301
415217110;4162654301;4162654302
415217110;4162654302;4162652372
415217111;4162652364;4162654303
415217111;4162654303;4162654304
415217111;4162654304;4162654305
415217111;4162654305;4162654306
415217111;4162654306;4162654307
415217111;4162654307;4162654308
415217111;4162654308;4162654309
415217111;4162654309;4162652376
415217112;4162652361;4162654310
415217112;4162654310;4162654311
415217112;4162654311;4162654312
415217112;4162654312;4162654313
415217112;4162654313;4162654314
415217113;4162652361;4162654315
415217113;4162654315;4162654316
415217113;4162654316;4162654317
415217113;4162654317;4162654318
415217113;4162654318;4162654319
415217114;4162652378;4162654320
415217114;4162654320;4162654321
415217115;4162654322;4162654314
415217115;4162654314;4162654319
415217115;4162654319;4162654323
415217115;4162654323;4162654324
415217115;4162654324;4162654325
415217115;4162654325;4162654326
415217115;4162654326;4162654327
415217117;4162654329;4162654330
415217117;4162654330;4162654331
415217117;4162654331;4162654332
415217117;4162654332;4162654461
415217117;4162654461;4162654333
415217128;4162654314;4162652378
415217128;4162652378;4162654319
448744844;3166565095;3166565096
448744844;3166565096;4526777733
448744844;4526777733;3166565097
448744844;3166565097;3166565098
448744844;3166565098;3166565099
448744844;3166565099;4457268465
448744844;4457268465;4457268468
448744844;4457268468;4457268466
448744844;4457268466;4457268467
448744845;4457268468;4457268469
448744848;2728364876;4457269806
448744848;4457269806;4457269807
448744848;4457269807;4457269808
448744848;4457269808;4457269809
448744849;4457269810;4457269811
448744849;4457269811;4457269812
448744849;4457269812;4457269813
448744849;4457269813;4457269814
448744849;4457269814;4457269815
448744849;4457269815;4457269816
448744849;4457269816;4457269817
448744849;4457269817;4457269818
448744849;4457269818;4457269819
448744849;4457269819;4457269820
448744849;4457269820;4457269821
448744849;4457269821;4457269822
448744849;4457269822;4457269823
448744850;4457269824;4457269823
448744850;4457269823;4457269825
448744850;4457269825;4457269826
448744850;4457269826;4457269827
448744850;4457269827;4457269828
448744851;4457269829;4457269830
448744851;4457269830;4457269831
448744851;4457269831;4457269832
448744851;4457269832;4457269833
448744851;4457269833;4457269834
448744851;4457269834;4457269835
453275800;2486710630;410662881
453275800;410662881;2169195570
453275800;2169195570;26122665
453275803;1105973254;2873760969
453275803;2873760969;114302657
453275803;114302657;2292597603
453275805;1561621199;2486315164
453275805;2486315164;112642518
453275805;112642518;112642521
453275805;112642521;112638852
453275805;112638852;112638853
453275805;112638853;26122679
453275806;1561621208;114302729
453275806;114302729;1561621199
453275807;742656905;3659217325
453275807;3659217325;114302661
453275807;114302661;114302667
453275808;2292597603;114302658
453275808;114302658;114302659
453275808;114302659;742656905
453278319;4456717349;4456717351
453278319;4456717351;114302804
453278319;114302804;4456681818
453278319;4456681818;4456681817
453278319;4456681817;114302797
453278319;114302797;114302793
453278319;114302793;114302789
453278319;114302789;114302787
453278319;114302787;4456681835
453278319;4456681835;114302784
453278319;114302784;114302779
453278319;114302779;114302776
453278319;114302776;114302774
453278319;114302774;114302773
453278319;114302773;114302769
453278319;114302769;114302764
453278319;114302764;114302758
453278319;114302758;114302746
453278319;114302746;532488366
453278321;26122679;112638854
456415510;4526777736;4526777737
456415510;4526777737;4526777738
456415510;4526777738;4526777739
456415510;4526777739;4526777740
456415510;4526777740;4526777741
456430085;1670607311;4526895873
456430085;4526895873;4526895871
456430085;4526895871;430023275
456430085;430023275;430023276
456430085;430023276;2816940720
456430085;2816940720;430023277
456430085;430023277;430023262
463287522;1561603962;4585700117
463287522;4585700117;4585700118
463287523;4585700117;4585700119
463287523;4585700119;4585700120
465466142;885948039;5476829048
465466142;5476829048;4604273024
465466142;4604273024;4604273023
465466142;4604273023;4604273022
465466142;4604273022;4604273021
465466142;4604273021;4604273020
465466142;4604273020;4604273055
465466142;4604273055;5476829058
465466142;5476829058;4604273019
465466142;4604273019;4604273018
465466145;3224244994;4604273032
465466145;4604273032;4604273033
465466145;4604273033;4604273024
465466146;4604273048;4604273056
465466146;4604273056;4604273057
465466146;4604273057;4604273058
465466146;4604273058;4604273059
465466146;4604273059;4604273060
465466146;4604273060;4604273061
465466146;4604273061;4604273062
465466146;4604273062;4604273063
465466146;4604273063;4604273064
465466146;4604273064;4604273065
465466146;4604273065;4604273066
465466146;4604273066;4604273067
465466146;4604273067;4604273068
465466146;4604273068;4604273069
465466146;4604273069;4604273070
465466146;4604273070;4604273071
465466146;4604273071;4604273034
465466146;4604273034;4604273035
465466146;4604273035;4604273036
465466146;4604273036;4604273037
465466146;4604273037;4604273038
465466146;4604273038;4604273039
465466146;4604273039;4604273040
465466146;4604273040;4604273041
465466146;4604273041;4604273042
465466146;4604273042;4604273043
465466146;4604273043;4604273044
465466146;4604273044;4604273045
465466146;4604273045;4604273046
465466146;4604273046;4604273047
465466146;4604273047;4604273048
465466146;4604273048;4604273049
465466146;4604273049;4604273050
465466146;4604273050;4604273051
465466146;4604273051;4604273052
465466146;4604273052;4604273053
465466146;4604273053;4604273054
465650954;296057068;4605838357
465650955;4605838359;4605838360
465650955;4605838360;4605838361
465650955;4605838361;4605838362
465650955;4605838362;4605838363
465651895;4605846969;4605846970
465651895;4605846970;4605846971
465651895;4605846971;4605846972
465651897;885948023;4605846983
465651897;4605846983;4605846984
465651897;4605846984;4605846985
465651898;4605846997;4605846998
465651939;5321384122;4004264463
465657884;4605892938;4605892939
465657884;4605892939;4605892943
465657884;4605892943;4605892940
465657884;4605892940;4605892941
465657884;4605892941;2184077150
478881261;296058425;5413401431
478881261;5413401431;5413401430
478881261;5413401430;5413401432
478881261;5413401432;5413401429
478881261;5413401429;1561621117
478881261;1561621117;1561621110
478881261;1561621110;1561621103
479198377;26122665;112640162
550899323;885948054;5474314829
550899323;5474314829;1801521233
550899323;1801521233;885948055
550899323;885948055;5476829070
550899323;5476829070;5476829071
550899323;5476829071;112628017
550992394;5321346119;5332224101
550992394;5332224101;5321346120
550992519;5321040701;5321347129
550992519;5321347129;5321347128
550992520;5321347134;5321347135
550992520;5321347135;5321347137
550992520;5321347137;5321347136
550992521;5321347137;5321347138
550997092;3230631192;5321384099
550997092;5321384099;5321384100
550997092;5321384100;5321384113
550997092;5321384113;5321384101
550997092;5321384101;5321384112
550997092;5321384112;5321384102
550997092;5321384102;5321384111
550997092;5321384111;5321384103
550997092;5321384103;5321384114
550997092;5321384114;5321384104
550997092;5321384104;5321384115
550997092;5321384115;5321384105
550997092;5321384105;5321384099
550997093;5321384106;5321384117
550997093;5321384117;5321384108
550997093;5321384108;5321384116
550997093;5321384116;5321384107
550997094;5321384102;5321384109
550997094;5321384109;5321384096
550997094;5321384096;5321384110
551734730;5328149428;5328149429
551734730;5328149429;5328149430
551734730;5328149430;5474378504
551734730;5474378504;5328149431
551734730;5328149431;5328149432
551743947;1561604112;5328227039
551743947;5328227039;5328227041
551743947;5328227041;5328221095
551743947;5328221095;5328221096
551743947;5328221096;5328221097
551743947;5328221097;5328221098
551743947;5328221098;5328221099
551743947;5328221099;5328221108
551743947;5328221108;5328221110
551743947;5328221110;5328221112
551743947;5328221112;5328221114
551743947;5328221114;5328221100
551743947;5328221100;5328227058
551743947;5328227058;5328221101
551743947;5328221101;5328227057
551743947;5328227057;5328221102
551743947;5328221102;5328221103
551743947;5328221103;5328221104
551743948;5328221105;5328221106
551743949;5328221107;5328221108
551743950;5328221109;5328221110
551743951;5328221111;5328221112
551743952;5328221113;5328221114
551743953;5328221115;5328227022
551743953;5328227022;5328221118
551743953;5328221118;5328221116
551743954;5328221118;5328221119
551743954;5328221119;5328221120
551743954;5328221120;5328227021
551743955;5328227022;5328227023
551743955;5328227023;5328227024
551743955;5328227024;5328227025
551743956;5328227026;5328227031
551743956;5328227031;5328227029
551743956;5328227029;5328227027
551743957;5328227028;5328227029
551743958;5328227030;5328227031
551743961;1561604113;5328227040
551743961;5328227040;5328227038
551743962;5328227040;5328227041
551743963;5328221112;5328227064
551743963;5328227064;5328227042
551743963;5328227042;5328227063
551743963;5328227063;5328227043
551743963;5328227043;5328227062
551743963;5328227062;5328227044
551743963;5328227044;5328227056
551743963;5328227056;5328227045
551743963;5328227045;5328227046
551743963;5328227046;5328227059
551743963;5328227059;5328227047
551743963;5328227047;5328227060
551743963;5328227060;5328227048
551743963;5328227048;5328227061
551743963;5328227061;5328227049
551743963;5328227049;5328221102
551743965;5328227047;5328227055
551743966;5328221114;5328227056
551743967;5328227065;5328227066
551743968;5328227067;5328227068
551743969;5328227069;5328227070
551743970;5328227071;5328227072
551743971;1561603961;5328227073
551743972;5328227074;5328227079
551743972;5328227079;1561604111
551743973;5328227075;5328227078
551743973;5328227078;5328227076
551743973;5328227076;1561604069
551743974;1561604113;5328227077
551743974;5328227077;5328227078
551743976;1561603961;5328227095
551743976;5328227095;5328227096
551743976;5328227096;5328227097
551743976;5328227097;5328227098
551743976;5328227098;5328227099
551743976;5328227099;5328227100
552211960;5331896222;5331896223
552211961;5331896220;5331896224
552211961;5331896224;5455320212
552211961;5455320212;5331896239
552211961;5331896239;5331896225
552211961;5331896225;5331896238
552211961;5331896238;5331896226
552211961;5331896226;5331896237
552211961;5331896237;5332114544
552211961;5332114544;5455320209
552211961;5455320209;5331896227
552211961;5331896227;5332114545
552211961;5332114545;5331896232
552211961;5331896232;5331896228
552211961;5331896228;5474378472
552211961;5474378472;5331896233
552211961;5331896233;5474378473
552211961;5474378473;5331896229
552211961;5331896229;5331896234
552211961;5331896234;5331896230
552211961;5331896230;5331896235
552211961;5331896235;5474378474
552211961;5474378474;5331896231
552211961;5331896231;5331896236
552211961;5331896236;1670426599
552211962;5331896240;5331896241
552211962;5331896241;5331896242
552211963;5331896243;5331896242
552211964;5331896241;5331896245
552211965;5331896246;5331896247
552211966;5331896248;5331896247
552211966;5331896247;5331896249
552211966;5331896249;5331896250
552211966;5331896250;5331896252
552211966;5331896252;5331896251
552211967;5261214117;5331896252
552211968;5331896241;5331896253
552211968;5331896253;5331896254
552211968;5331896254;5331896255
552211968;5331896255;5331896256
552211968;5331896256;5331896257
552211968;5331896257;5474378469
552211968;5474378469;5331896258
552211969;5331896259;5331896260
552211969;5331896260;5474378471
552211969;5474378471;5348016868
552211969;5348016868;5474378470
552211969;5474378470;5331896261
552211969;5331896261;5331896262
552211970;5331896260;5348016867
552211970;5348016867;5331896263
552211970;5331896263;5331896264
552211970;5331896264;5331896265
552211970;5331896265;5331896266
552211970;5331896266;5331896267
552226185;5332030649;5332030651
552226185;5332030651;5332030650
552226187;5332030651;5332030652
552226187;5332030652;5332030653
552226191;5332030663;5332030664
552226191;5332030664;1561621113
552226244;430391870;5332031532
552226244;5332031532;885948050
552234719;5332114757;5332114778
552234719;5332114778;5332114758
552234719;5332114758;5332114759
552234719;5332114759;5332114777
552234719;5332114777;5332114760
552234719;5332114760;5332114761
552234719;5332114761;5332114775
552234719;5332114775;5332114776
552234719;5332114776;5332114762
552234719;5332114762;5332114774
552234719;5332114774;5332114763
552234719;5332114763;5332114764
552234719;5332114764;5332114765
552234719;5332114765;5332114766
552234719;5332114766;5332114773
552234719;5332114773;5332114767
552234719;5332114767;5332114771
552234719;5332114771;5332114768
552234719;5332114768;5332114772
552234719;5332114772;5332114769
552234721;5332114769;5332114770
552243969;5332224084;5332224085
552243969;5332224085;5332224086
552243969;5332224086;5332224087
552243969;5332224087;5332224088
552243969;5332224088;5332224108
552243969;5332224108;5332224089
552243969;5332224089;5332224090
552243969;5332224090;5332224091
552243969;5332224091;5332224092
552243969;5332224092;5332224093
552243969;5332224093;5332224094
552243969;5332224094;5332224095
552243969;5332224095;5332224096
552243969;5332224096;5332224097
552243969;5332224097;5332224098
552243969;5332224098;5332224099
552243969;5332224099;5332224100
552243970;5332224101;5332224102
552243970;5332224102;5332224103
552243970;5332224103;5332224104
552243970;5332224104;5332224105
552243970;5332224105;5332224106
552243970;5332224106;5332224107
552243970;5332224107;5332224108
552907031;5321040699;5337740843
552907031;5337740843;5337740842
552907032;5337740844;5337740845
552907032;5337740845;5337740846
552907032;5337740846;5321040699
552907032;5321040699;5337740847
552907032;5337740847;5337740848
552907032;5337740848;5337740849
552907033;3149004919;5337740850
552907033;5337740850;5337740851
552912894;5337811384;5337811385
552912895;5337811386;5337811387
552914001;3241162398;5337830549
552914001;5337830549;5337830550
552914001;5337830550;5337830551
552914001;5337830551;5337830552
552914001;5337830552;5337830553
552914001;5337830553;5337830554
554108746;5347824696;5347824689
554108746;5347824689;5347824697
554108746;5347824697;5347824702
554108746;5347824702;5347824698
554108746;5347824698;5347824703
554108746;5347824703;5347824700
554108746;5347824700;5347824701
554108746;5347824701;5347824699
554108746;5347824699;5347824695
554108783;5347867790;5347867791
554108783;5347867791;5347867792
554117659;5347960908;5347960909
554117659;5347960909;5478142760
554117659;5478142760;5478142759
554117659;5478142759;5478142763
554117659;5478142763;5347960910
554117659;5347960910;5478142762
554117659;5478142762;5478142761
554117659;5478142761;5478142764
554117659;5478142764;5347960911
554117659;5347960911;5478142766
554117659;5478142766;5347960912
554125660;5331896242;5348016862
561088087;2292597622;5410905414
561391580;5413401423;5413401424
561391580;5413401424;5413401425
561391580;5413401425;5413401426
561391580;5413401426;5413401427
561391580;5413401427;5413401428
561391580;5413401428;5413395812
561391580;5413395812;5413395813
561391580;5413395813;5413395814
561391580;5413395814;5413401436
561391580;5413401436;5413395815
561391580;5413395815;5413395819
561391580;5413395819;5413395820
561391580;5413395820;5413401421
561391580;5413401421;5413401422
561391580;5413401422;5413395816
561391580;5413395816;296058425
561391580;296058425;5413395817
561391580;5413395817;5413395818
561391580;5413395818;5413401423
561391581;1561621138;5413401442
561391581;5413401442;5413401441
561391581;5413401441;5413401433
561391581;5413401433;5413401440
561391581;5413401440;5413401439
561391581;5413401439;5413401434
561391581;5413401434;5413401438
561391581;5413401438;5413401435
561391581;5413401435;5413401437
561391581;5413401437;5413395815
561391582;2292597568;5413409936
561391582;5413409936;5413401441
561391583;5413401426;4605838359
561391583;4605838359;5413409933
561391583;5413409933;296057110
561391583;296057110;5413409923
561391583;5413409923;296058426
561391583;296058426;1561621115
561391583;1561621115;4004264453
561391583;4004264453;5413401444
561391583;5413401444;3230631175
561391583;3230631175;5455156478
561391583;5455156478;5413401445
561391583;5413401445;5413401451
561391583;5413401451;5413401446
561391583;5413401446;5413401452
561391583;5413401452;5413401447
561391583;5413401447;5413401453
561391583;5413401453;5413401448
561391583;5413401448;5413401454
561391583;5413401454;5413401449
561391583;5413401449;5413401450
561391583;5413401450;296058430
561391583;296058430;296058743
561392810;5413411224;5413411232
561392810;5413411232;5413411233
561392810;5413411233;5413411238
561392810;5413411238;5413411225
561392810;5413411225;5413411239
561392810;5413411239;5413411235
561392810;5413411235;5413411231
561392810;5413411231;5413411234
561392810;5413411234;5413411236
561392810;5413411236;5413411226
561392810;5413411226;5413411230
561392810;5413411230;5413411240
561392810;5413411240;5413411237
561392810;5413411237;5413411241
561392810;5413411241;5413411227
561392810;5413411227;5413411228
561392810;5413411228;5413411229
561397548;3241140551;5413459132
561397548;5413459132;5413459130
561397548;5413459130;5413459131
561397548;5413459131;5413459129
564869410;1670607462;5441466796
564869410;5441466796;5441466814
564869410;5441466814;5441466813
564869410;5441466813;5441522043
564869410;5441522043;5441542165
564869410;5441542165;5441542166
564869410;5441542166;5441466797
564869410;5441466797;5441542164
564869410;5441542164;5441466815
564869410;5441466815;5441542163
564869410;5441542163;5441466798
564869410;5441466798;5441466799
564869410;5441466799;5441466800
564869410;5441466800;5441466801
564869410;5441466801;5441542167
564869410;5441542167;5441466812
564869410;5441466812;5441466811
564869410;5441466811;5441466810
564869410;5441466810;5441466802
566391459;5454490789;5454490799
566391459;5454490799;5454490800
566391459;5454490800;5454490802
566391459;5454490802;5454490790
566391459;5454490790;5454490801
566391459;5454490801;5454490791
566391459;5454490791;5454490792
566391459;5454490792;5454490793
566391461;5454490804;4004264457
566391466;1670426659;5454492437
566391466;5454492437;5454492446
566391466;5454492446;5454492445
566391466;5454492445;5454492447
566391466;5454492447;5454492438
566391466;5454492438;5454492444
566391466;5454492444;5454492443
566391466;5454492443;5454492439
566391466;5454492439;5454492448
566391466;5454492448;5454492442
566391466;5454492442;5454492449
566391466;5454492449;5454492440
566391466;5454492440;5454492521
566391466;5454492521;5454492450
566391466;5454492450;5454492441
566391467;5454492450;5454492451
566391468;5454492441;5454492458
566391468;5454492458;5454492456
566391468;5454492456;5454492457
566391468;5454492457;5454492452
566391468;5454492452;5454492455
566391468;5454492455;5454492453
566391468;5454492453;5454492454
566391469;5454492437;5454492518
566391469;5454492518;5454492519
566391469;5454492519;5454492520
566391469;5454492520;5454492459
566391469;5454492459;5454492476
566391469;5454492476;5454492477
566391469;5454492477;5454492460
566391469;5454492460;5454492475
566391469;5454492475;5454492461
566391469;5454492461;5454492474
566391469;5454492474;5454492462
566391469;5454492462;5454492473
566391469;5454492473;5454492471
566391469;5454492471;5454492472
566391469;5454492472;5454492463
566391469;5454492463;5454492470
566391469;5454492470;5454492464
566391469;5454492464;5454492478
566391469;5454492478;5454492469
566391469;5454492469;5454492479
566391469;5454492479;5454492465
566391469;5454492465;5454492468
566391469;5454492468;5454492467
566391469;5454492467;5454492466
566391473;5454492521;5454492528
566391473;5454492528;5454492522
566391473;5454492522;5454492529
566391473;5454492529;5454492527
566391473;5454492527;5454492530
566391473;5454492530;5454492523
566391473;5454492523;5454492531
566391473;5454492531;5454492526
566391473;5454492526;5454492532
566391473;5454492532;5454492524
566391473;5454492524;5454492525
566445440;5455156478;5455156470
566445440;5455156470;5455156479
566464315;5455321259;5455321260
566464315;5455321260;5455321278
566464315;5455321278;5455321279
566464315;5455321279;5455321261
566464315;5455321261;5455321277
566464315;5455321277;5455321262
566464315;5455321262;5455321276
566464315;5455321276;5455321263
566464315;5455321263;5455321273
566464315;5455321273;5455321264
566464315;5455321264;5455321280
566464315;5455321280;5455321265
566464315;5455321265;5455321266
566464315;5455321266;5455321267
566464315;5455321267;5455321268
566464316;5455321269;5455321281
566464316;5455321281;5455321270
566464316;5455321270;5455321282
566464316;5455321282;5455321274
566464316;5455321274;5455321271
566464316;5455321271;5455321275
566464316;5455321275;5455321272
566464316;5455321272;5455321273
566464318;5455321268;5455321290
566464318;5455321290;5455321294
566464318;5455321294;5455321291
566464318;5455321291;5455321292
566464318;5455321292;5455321293
566464319;5455321294;5455321295
566465465;5455331237;5455331238
566465465;5455331238;5455331243
566465465;5455331243;5455331239
566465465;5455331239;5455331242
566465465;5455331242;5455331240
566465465;5455331240;5455331244
566465465;5455331244;5455331241
569139389;430023751;5474314826
569139390;5474314828;5474314829
569146649;885947991;5474378454
569146649;5474378454;5474378455
569146649;5474378455;5474378456
569146649;5474378456;5474378457
569146649;5474378457;5474378458
569146649;5474378458;5474378459
569146649;5474378459;5474378460
569146649;5474378460;5474378461
569146649;5474378461;5474378454
569146654;5474378466;5474378467
569146654;5474378467;5474378468
569146660;5474378491;5474378492
569146660;5474378492;5474378493
569146660;5474378493;5474378494
569146668;5474378501;5474378502
569146672;1670426635;5474378505
569482851;5476829058;5476829059
569482851;5476829059;5476829060
569482851;5476829060;5476829061
569482851;5476829061;5476829062
569482851;5476829062;5476829063
569482851;5476829063;5476829064
569482851;5476829064;5476829065
569482851;5476829065;5476829066
569482851;5476829066;5476829067
569482852;4604273054;5476829061
569491087;2198238287;2846609707
569491087;2846609707;111649091
569491087;111649091;111648502
569491087;111648502;2846609708
569491087;2846609708;1353862705
569491087;1353862705;2846609711
569491087;2846609711;111648004
569491087;111648004;111648002
569491087;111648002;5476829005
569491087;5476829005;5476829004
569491087;5476829004;5476829003
569491087;5476829003;111647995
569491087;111647995;111647989
569491087;111647989;1353862687
569491087;1353862687;3166561407
569491087;3166561407;5476877534
569491087;5476877534;3166562625
569491087;3166562625;416480025
569491087;416480025;1225943165
569491087;1225943165;3897692329
569491087;3897692329;112613531
569491087;112613531;4604273013
569491087;4604273013;112613532
569491087;112613532;5476829036
569491087;5476829036;5476829037
569491087;5476829037;2486710656
569491087;2486710656;112613533
569491087;112613533;5476829038
569491087;5476829038;112613538
569491087;112613538;4604273025
569491087;4604273025;5476829039
569491087;5476829039;112613540
569491087;112613540;5476829040
569491087;5476829040;112613542
569491087;112613542;5476829041
569491087;5476829041;5476829042
569491087;5476829042;5476829043
569491087;5476829043;5476829044
569491087;5476829044;112613546
569491087;112613546;5476829045
569491087;5476829045;1561604109
569491087;1561604109;3139458251
569491087;3139458251;1561604076
569491087;1561604076;3139458247
569491087;3139458247;1561604030
569491087;1561604030;3456445898
569491087;3456445898;3456445897
569491087;3456445897;1561603986
569491087;1561603986;5478093381
569491087;5478093381;5478093385
569491087;5478093385;1561603939
569491087;1561603939;1561603929
569491087;1561603929;112613556
569491087;112613556;112613557
569491087;112613557;112613558
569491087;112613558;112613559
569491087;112613559;1561621040
569491087;1561621040;296058885
569491087;296058885;1561621043
569491087;1561621043;1561621045
569491087;1561621045;112613564
569491087;112613564;26122708
569491087;26122708;1561621078
569491087;1561621078;3573222120
569491087;3573222120;112613566
569491087;112613566;26122700
569491087;26122700;112613567
569491087;112613567;112613570
569491087;112613570;1561621080
569491087;1561621080;1187411656
569491087;1187411656;112613574
569491087;112613574;26122712
569491087;26122712;2486710641
569660409;5478093381;5478093382
569660409;5478093382;5478093383
569660409;5478093383;5478093384
569660409;5478093384;5478093385
569669131;5478142740;5478142741
569669132;5478142742;5478142743
569669133;5478142744;5478142745
569669134;5478142746;5478142747
569669135;5478142748;5478142749
569669141;5478142755;5478142756
569669141;5478142756;5478142757
569669142;5478142756;5478142758
569669143;5478142763;5478142765
569669144;5478142766;5478142767
570688538;5486537273;885948054
