4744990;30238032;3184416475
4744990;3184416475;3184416544
4744990;3184416544;30238031
4744990;30238031;3184416547
4744990;3184416547;3184416777
4744990;3184416777;30238030
4745497;126547387;30243156
4745497;30243156;30243157
4745497;30243157;30243158
4745497;30243158;1303465743
4745497;1303465743;3207273290
4745497;3207273290;30243159
4745499;30243202;30243203
4745499;30243203;415935111
4745499;415935111;415935210
4745499;415935210;30556542
4745499;30556542;30556099
4745499;30556099;1303465751
4745499;1303465751;1303465757
4745499;1303465757;3207273464
4745499;3207273464;30333329
4745526;30243118;3207273301
4745526;3207273301;2573351868
4745526;2573351868;3207273316
4745526;3207273316;430535701
4745526;430535701;4554362729
4745526;4554362729;126797988
4746923;30237867;3202969428
4746923;3202969428;30237697
4746923;30237697;30237639
4746923;30237639;2293678868
4746923;2293678868;30247167
4746923;30247167;1886635528
4746923;1886635528;1886635535
4746923;1886635535;30247433
4746923;30247433;301572949
4746923;301572949;71643543
4746923;71643543;301572460
4746923;301572460;1382915190
4746923;1382915190;344992889
4746923;344992889;2836500329
4746923;2836500329;1311770051
4746923;1311770051;2836500335
4746923;2836500335;442540242
4746924;442540257;3184416552
4746924;3184416552;5261112124
4747009;30254220;3207273509
4747009;3207273509;3184416771
4747009;3184416771;442540258
4753804;30333337;30333338
4753804;30333338;3207273523
4753804;3207273523;30333339
4753804;30333339;3207273522
4753804;3207273522;30333341
4776217;30553971;30553972
4776217;30553972;30553973
4776217;30553973;30553974
4776217;30553974;30553975
4776218;1445340181;30333335
4776220;30254380;30554037
4776220;30554037;30554039
4776222;30554041;30554039
4776222;30554039;30333336
4776222;30333336;30554042
4776222;30554042;30554043
4776222;30554043;30554044
4776256;30243203;30554511
4776256;30554511;30554509
4776256;30554509;30554506
4776256;30554506;30554505
4776256;30554505;30554504
4776256;30554504;30333334
4776256;30333334;30554037
4776256;30554037;30554503
4776259;1445340174;30554505
4776261;30554042;30333339
4776261;30333339;1303465772
4776261;1303465772;3207273491
4776261;3207273491;30554548
4776269;30554613;3207273506
4776269;3207273506;30554612
4776269;30554612;3207273518
4776269;3207273518;3207273519
4776269;3207273519;1368967605
4776317;30554977;30554976
4776317;30554976;30554974
4776317;30554974;30554972
4776317;30554972;30554971
4776317;30554971;30554970
4776317;30554970;30554969
4776317;30554969;30554968
4776473;30556539;30556542
4776840;126803334;4961857260
4776840;4961857260;1534156663
4776840;1534156663;1534156668
4776840;1534156668;4961854644
4776840;4961854644;30558452
4852774;260723600;3772080556
4852774;3772080556;3772084157
4852774;3772084157;3772084160
4852774;3772084160;260723993
9930038;30554976;30555745
9930038;30555745;30554860
9930038;30554860;82750944
9930038;82750944;30333330
9930038;30333330;82750946
9930038;82750946;30556748
13719232;30553976;126699973
13719232;126699973;30554862
13719232;30554862;30333333
13719232;30333333;126697585
13719318;2819073911;4858308198
13719318;4858308198;3207273485
13719318;3207273485;2412830244
13719318;2412830244;1368967593
13719318;1368967593;1303465752
13719318;1303465752;3207273488
13724827;126812839;126812838
13724827;126812838;2269130835
13724827;2269130835;126812856
13724827;126812856;1311619394
13724827;1311619394;126812853
13724827;126812853;2269130838
14194648;30553743;4675068969
14194648;4675068969;2881606707
14194648;2881606707;30553742
20476283;126803340;1534156670
20476283;1534156670;126803336
23191707;2777318575;2749373129
23191707;2749373129;5268896261
23191707;5268896261;1311619526
23191707;1311619526;2749373128
23191707;2749373128;126797991
23191707;126797991;4717526583
23191707;4717526583;773324530
23191708;126812844;3767585458
23191708;3767585458;2269130821
23191708;2269130821;2659550841
23191708;2659550841;250793730
23191708;250793730;3184350884
23191708;3184350884;126800081
23191709;126812850;4412467259
23191709;4412467259;3092785223
23191709;3092785223;1864143430
23191709;1864143430;1311833055
24040894;30553975;30553976
24040894;30553976;415884755
24040894;415884755;30553978
24040894;30553978;30554511
27465349;559765964;1400448340
27465349;1400448340;3229689838
27465349;3229689838;301572132
27465349;301572132;2521199755
27465349;2521199755;3229689830
27465349;3229689830;3314271856
27465349;3314271856;4719409283
27465349;4719409283;301572243
27465349;301572243;3300162990
27465349;3300162990;3314271859
27465349;3314271859;3314294597
27465349;3314294597;3207831033
27465349;3207831033;301572269
27465349;301572269;3314294599
27465349;3314294599;301572279
27465349;301572279;1382924822
27465349;1382924822;301572306
27465349;301572306;301572399
27465349;301572399;301572459
27465349;301572459;649511766
27465349;649511766;301572460
27465349;301572460;1382915126
27465349;1382915126;301572461
31029325;30555002;30243112
31029327;30333328;3207273495
31029327;3207273495;30243260
32065074;359977425;3207831042
32065074;3207831042;359977762
32065074;359977762;506236255
32065149;30242817;3184350772
32065149;3184350772;3184350774
32065149;3184350774;30242816
32065149;30242816;3184350777
32065149;3184350777;3184350788
32065149;3184350788;555386323
32065149;555386323;30242815
32065149;30242815;3184350791
32065149;3184350791;3184350792
32065149;3184350792;30242814
32065149;30242814;3184350795
32065149;3184350795;3184350882
32065149;3184350882;3910974803
32065149;3910974803;126800081
35460360;1368967605;30554609
35460556;415884755;415884756
35466179;415935008;4541781319
35466179;4541781319;4541781320
35466179;4541781320;4541781321
35466179;4541781321;30553978
35466212;415935180;30553979
35466212;30553979;415935111
35466216;415935210;126699974
35466474;30254381;30254380
35466474;30254380;30254379
35467468;30254393;3207273517
35467468;3207273517;3207273507
35467468;3207273507;30254395
35467510;415943065;3207273513
35467510;3207273513;30333344
35467510;30333344;30333343
35467510;30333343;3207273515
35467510;3207273515;30254393
35467510;30254393;3207273516
35467510;3207273516;1368967605
35467510;1368967605;3207273520
35467510;3207273520;1377899683
35467510;1377899683;30333341
37103025;5274385305;3184350915
37103025;3184350915;5028167018
37103025;5028167018;431481328
37103026;250794421;5028194621
37103026;5028194621;3184350916
37103026;3184350916;5274125913
43811853;30243370;30243325
44029117;5274384899;3184415036
44029117;3184415036;559787235
44029117;559787235;2819073397
44029117;2819073397;3184415037
44029117;3184415037;3184416502
44029117;3184416502;559787236
44029286;431481322;431481321
44029287;442540278;3193317997
44029287;3193317997;3888889330
44029287;3888889330;442540282
44029498;559794884;3184350927
44029498;3184350927;3184350923
44029498;3184350923;559794885
44029498;559794885;3184350918
44029498;3184350918;3184350912
44029498;3184350912;559794886
44029498;559794886;3184350917
44029498;3184350917;4828366689
44029498;4828366689;1445594497
44029498;1445594497;559794889
65143745;30243065;30254089
65676419;800572603;800572623
65676419;800572623;800572628
68506234;442540242;1377225818
68506234;1377225818;344992888
68506234;344992888;1311619517
68506235;30555972;426890145
68506235;426890145;3196848708
68506235;3196848708;312898606
68506235;312898606;5375631704
68506235;5375631704;2984209663
68506235;2984209663;2984209662
68506235;2984209662;30242962
68506255;667410900;2984209688
68506255;2984209688;1350812711
68506255;1350812711;30555974
68506255;30555974;426890141
68506255;426890141;1350812713
68506255;1350812713;1361887096
68506255;1361887096;30243391
68506257;30253494;3184416765
68506257;3184416765;3184416761
68506257;3184416761;94668946
68506258;30242962;3196848706
68506258;3196848706;1307271989
68506258;1307271989;312898608
68506258;312898608;3207273274
68506258;3207273274;30243389
68506258;30243389;3053404680
68506258;3053404680;3207273275
68506258;3207273275;2573351864
68506258;2573351864;3207273298
68506258;3207273298;30243161
68506258;30243161;3207273300
68506258;3207273300;3207273303
68506258;3207273303;30243118
68506260;30242962;3196848707
68506260;3196848707;3193570476
68506260;3193570476;30242963
68506263;4554362727;4554362728
68506263;4554362728;430535720
68506263;430535720;430535721
68506263;430535721;3207273349
68506263;3207273349;426890153
68506263;426890153;126797329
68506263;126797329;3207273343
68506263;3207273343;3207273353
68506263;3207273353;126797987
74398635;879356690;3193318004
74398635;3193318004;3193567424
74398635;3193567424;3193567425
74398635;3193567425;879356706
74398635;879356706;3193567422
74398635;3193567422;3193567426
74398635;3193567426;3193567427
74398635;3193567427;2292981003
94529718;1859058465;1098044394
100318223;4828487515;3888889338
100318223;3888889338;3193317983
100318223;3193317983;3761330169
100318223;3761330169;5078676229
100318223;5078676229;3761330170
100318223;3761330170;3143655998
113512468;1860476035;3193567389
113512468;3193567389;3193567390
113512468;3193567390;3193567391
113512468;3193567391;1286855172
113512469;1307271989;3193567392
113512469;3193567392;3193567393
113512469;3193567393;3193567394
113512469;3193567394;1286855176
115321289;1303457305;3193567428
115321289;3193567428;1303457293
115321290;1303457329;3193570469
115321290;3193570469;3193570468
115321290;3193570468;3193570467
115321290;3193570467;1303457341
115321291;1303457386;30333313
115321291;30333313;30558454
115321291;30558454;30555003
115321291;30555003;1303457357
115325228;1303465744;3193567399
115325228;3193567399;3193567398
115325228;3193567398;5245538831
115325228;5245538831;3193567395
115325228;3193567395;3193567400
115325228;3193567400;1303465743
115325230;1303465751;1303465750
115325237;1303465752;1303465757
115325240;1368967593;1303465773
115325240;1303465773;1303465772
115325242;30554043;30333338
115325242;30333338;1303465773
116315045;442540267;3184415003
116315045;3184415003;30243208
116315045;30243208;3184415004
116315045;3184415004;3184416469
116315045;3184416469;30243247
116315045;30243247;2819073902
116315045;2819073902;3184416473
116315045;3184416473;3184416479
116315045;3184416479;30243261
116315056;344992887;1311770052
116315056;1311770052;1377225917
116315056;1377225917;1382915099
116315056;1382915099;344992889
116315056;344992889;649511772
116315056;649511772;2989836087
116315069;5260601899;3184416768
116315069;3184416768;1311619365
116315074;126803326;3207273320
116315074;3207273320;3207273322
116315093;442540272;4829396033
116315093;4829396033;1864143481
116315093;1864143481;30243329
116315098;1311619441;3207273319
116315111;1311619497;1311619289
116315111;1311619289;1311619311
116315133;1770635937;3193317967
116315133;3193317967;3053404674
116315133;3053404674;1770635938
116343001;1311770049;1377225915
116343001;1377225915;1311770051
116343001;1311770051;2989836091
116343001;2989836091;1311770053
116343002;269369082;3050930335
116343002;3050930335;3229689824
116343002;3229689824;4719410197
116343002;4719410197;442540235
116343002;442540235;3208549401
116343002;3208549401;4719410205
116343002;4719410205;3236553578
116343002;3236553578;5375631706
116343002;5375631706;3236553580
116343002;3236553580;3207831030
116343002;3207831030;442540236
116343002;442540236;1480306487
116343002;1480306487;442540237
116343002;442540237;3236553579
116343002;3236553579;442540238
116343002;442540238;3236553582
116343002;3236553582;442540239
116343002;442540239;3236553576
116343002;3236553576;2989836090
116343002;2989836090;1311770046
116343002;1311770046;442540240
122475979;30554511;30553979
122475980;30254379;415938874
122475980;415938874;415937929
122475980;415937929;415937950
122475980;415937950;415938876
122475980;415938876;415937924
122529516;30553974;30554976
122529519;30333333;30254379
123326473;1375697911;3152331422
123326473;3152331422;1377225904
123326473;1377225904;30553756
123326473;30553756;1377225885
123326473;1377225885;30553741
123527822;30333343;3207273514
123527822;3207273514;3207273510
123527822;3207273510;3207273511
123527822;3207273511;30333325
123527830;30554974;30553973
123533087;30555744;30555745
123533087;30555745;30555746
123533856;30254379;30333334
123533856;30333334;30333335
123533856;30333335;30333336
125812033;1396408887;4553139863
125812033;4553139863;3193567405
125812033;3193567405;3193567403
125812033;3193567403;3193567402
125812033;3193567402;3193567406
125812033;3193567406;5344717239
125812033;5344717239;1396408886
131300164;126699974;1445340177
131300165;1445340174;1445340178
131300165;1445340178;30554542
131300167;1445340181;1445340182
131300167;1445340182;30554542
131300167;30554542;1445340186
131300167;1445340186;1445340177
135406248;1487126966;30558453
135406248;30558453;1487126963
138312601;30553741;1516408397
138312601;1516408397;30553973
140001505;126803336;30243203
140001510;5261112521;30254192
140001510;30254192;3196848718
140001510;3196848718;30242958
140001510;30242958;5344717249
140001510;5344717249;3196848721
140001510;3196848721;3196848695
140001510;3196848695;4553139865
140001510;4553139865;30556414
140001510;30556414;3196848698
140001510;3196848698;5261693286
140001515;30555001;823781728
140001515;823781728;1864143483
140001515;1864143483;126797984
140001517;5252483757;126803334
140001517;126803334;3207273360
140001517;3207273360;126803331
140001523;126812844;2659550860
140001523;2659550860;126812845
140001523;126812845;3767585460
140001523;3767585460;2659550862
140001523;2659550862;2659550866
140001523;2659550866;126812847
140001525;126812847;3092785220
140001525;3092785220;126812848
140001525;126812848;126812850
140007716;126797986;4961854642
140007716;4961854642;1534156647
140007716;1534156647;1534156631
140007716;1534156631;1534156627
140007716;1534156627;4961857265
140007716;4961857265;126803331
159500275;1716102039;3053404679
159500275;3053404679;1716102034
165522953;536418291;3888889327
165522953;3888889327;4235488036
165522953;4235488036;3193317990
165522954;536418291;3888889328
165522954;3888889328;4235488037
165522954;4235488037;3193317991
165522954;3193317991;3888894775
165522954;3888894775;442540278
182069869;30242766;506236260
182069869;506236260;506236259
182069869;506236259;1475966961
182069869;1475966961;30242764
182069869;30242764;1475966953
182069869;1475966953;1475966943
182069869;1475966943;30242763
182069869;30242763;3047641944
182069869;3047641944;3184350894
182069869;3184350894;30242762
182069869;30242762;3184350896
182069869;3184350896;3184350874
182069869;3184350874;126798002
182069874;1191150240;1482241341
194097021;30254201;359977763
194097021;359977763;506236256
194097021;506236256;30243166
208568871;30243202;30553743
208568871;30553743;30553758
208568871;30553758;126803340
208568872;260723600;30243112
208568872;30243112;126654237
208568872;126654237;4675068970
208568872;4675068970;1303457357
208568872;1303457357;126656742
208568872;126656742;126547387
208568872;126547387;126657992
208568872;126657992;3824437288
208568872;3824437288;126545684
208568872;126545684;30295217
208568872;30295217;30295165
208568872;30295165;30242956
208568872;30242956;5344717235
208568872;5344717235;4675111319
208568872;4675111319;4870404267
208568872;4870404267;30556413
217164634;2264591780;2264591830
217164634;2264591830;2264591838
217164635;2264591782;2264591835
217164635;2264591835;2264591839
217164636;2264591826;3053404666
217164636;3053404666;2264591895
217617440;126812839;2659550868
217617440;2659550868;126812840
217617440;126812840;2269130828
217617440;2269130828;2659550857
217617440;2659550857;126812841
217617443;2269130838;559794880
217617443;559794880;1864143517
217617443;1864143517;4412467249
217617443;4412467249;4412467250
217617443;4412467250;2777318579
217617443;2777318579;4412467251
217617443;4412467251;4412467252
217617443;4412467252;250794418
217617446;431484966;5268896176
217617446;5268896176;2269130826
217617446;2269130826;2543521870
217617446;2543521870;126812839
226319963;30242960;5344717240
226319963;5344717240;3196848713
226319963;3196848713;3196848705
226319963;3196848705;4553139864
226319963;4553139864;30253569
226319964;30242960;3196848712
226319964;3196848712;1396408886
226319964;1396408886;3196848709
226319964;3196848709;30555972
226319968;126797987;3207273354
226319968;3207273354;5261112123
226319971;126797986;3207273358
226319971;3207273358;2682230021
226319971;2682230021;30558452
226319972;5264363335;30555005
226319972;30555005;2579362585
226319972;2579362585;30243156
226319972;30243156;5264363334
226319974;126797987;3207273355
226319974;3207273355;3207273305
226319974;3207273305;30243116
226319974;30243116;3207273308
226319974;3207273308;1303457386
226319974;1303457386;3207273288
226319974;3207273288;30243159
226319975;126797986;4961854646
226319975;4961854646;1534156659
226319975;1534156659;1534156654
226319975;1534156654;426886837
226319975;426886837;4961857262
226319975;4961857262;126803331
226319976;30242957;3196848724
226319976;3196848724;3196848720
226319976;3196848720;30242958
226319976;30242958;3196848719
226319976;3196848719;3196847758
226319976;3196847758;3196848716
226319976;3196848716;30242959
226319976;30242959;3196848715
226319976;3196848715;3196848711
226319976;3196848711;30242960
232960694;2412830243;2412830244
237517571;30243329;1126848477
237517571;1126848477;126797989
237517574;126797989;3207273315
237517574;3207273315;430535716
237517574;430535716;1534112195
237517575;126803324;126803361
237517575;126803361;3184415014
237517575;3184415014;4717526568
237517575;4717526568;3697148745
237517575;3697148745;426887884
237517575;426887884;250793733
237517575;250793733;4717526581
237517575;4717526581;5268895958
237517575;5268895958;126803320
237517575;126803320;4829396039
237517575;4829396039;5268896263
237517575;5268896263;2777318585
237517575;2777318585;5268895957
237517575;5268895957;2777318573
237519389;30254089;4716547479
237519389;4716547479;559794895
237519391;30254089;2775313798
237519391;2775313798;536418253
237519393;536418253;3697148737
237519393;3697148737;3184350932
237519393;3184350932;3053404683
237519393;3053404683;536418291
237521092;431481389;1864143489
237521092;1864143489;2264591780
237521092;2264591780;3184350975
237521092;3184350975;30243129
237521092;30243129;3697148742
237521092;3697148742;4717526997
237521092;4717526997;3184350974
237521092;3184350974;2264591839
237521092;2264591839;3184350977
237521092;3184350977;3184350978
237521092;3184350978;30242871
237521092;30242871;3184350983
237521092;3184350983;3184350984
237521092;3184350984;33098964
237521092;33098964;3184350986
237521092;3184350986;3184414997
237521092;3184414997;30243120
237521092;30243120;3184415001
237521092;3184415001;442540274
237521097;431481321;3184350911
237521097;3184350911;4828488323
237521115;250794418;2269130856
237521115;2269130856;5274072650
237566136;30243332;3193570465
237566136;3193570465;1303457341
237566136;1303457341;3193567408
237566136;3193567408;30254087
237566138;30243391;2984209672
237566138;2984209672;1860476054
237566138;1860476054;983361247
237566138;983361247;2984209671
237566138;2984209671;2984209670
237566138;2984209670;30243390
237566142;30243333;3193570461
237566142;3193570461;3193567457
237566142;3193567457;30243334
237566142;30243334;3193567458
237566142;3193567458;30555687
237566142;30555687;3193567455
237566142;3193567455;4682071744
237566142;4682071744;30243335
237566142;30243335;3193567447
237566142;3193567447;2573351876
237566142;2573351876;3193567444
237566142;3193567444;30243336
237566142;30243336;3193567445
237566142;3193567445;30243337
237645155;30333328;30554548
237645155;30554548;3207273490
237645155;3207273490;5264394428
237645179;30243375;3184416541
237645179;3184416541;30243374
237645179;30243374;3184416784
237645179;3184416784;30243373
237645185;30243373;3184416785
237645185;3184416785;3184416786
237645185;3184416786;30254227
237645187;442540257;3184416553
237645187;3184416553;3207273493
237645187;3207273493;30254326
237645189;30243375;3184416540
237645189;3184416540;3184416542
237645189;3184416542;1126848568
237645189;1126848568;30238031
237645189;30238031;3184416545
237645189;3184416545;3184416548
237645189;3184416548;30254348
237645196;30254227;3184416788
237645196;3184416788;3184416534
237645196;3184416534;30243328
237645205;126803331;3207273461
237645205;3207273461;3207273351
237645205;3207273351;126803357
237659862;60969463;60969464
237659862;60969464;1050231255
237659862;1050231255;30333370
237659862;30333370;30333440
237659862;30333440;2935116252
237659862;2935116252;30254388
237659862;30254388;30554607
237659862;30554607;30556749
237659862;30556749;1368967598
237659862;1368967598;30554861
237659862;30554861;30555746
237659862;30555746;126699971
237659862;126699971;30554977
237659862;30554977;30553975
237659862;30553975;30243202
237691677;442540263;3193570499
237691677;3193570499;442540275
237691677;442540275;3193570501
237691677;3193570501;3193317966
237691677;3193317966;3053404673
237691677;3053404673;442540276
237691685;442540263;430535703
237691685;430535703;1311619326
237725944;30254220;3207273512
237725944;3207273512;30333325
237725944;30333325;3053342336
237725945;30556754;30554613
237725945;30554613;3207273508
237725945;3207273508;30254395
237725945;30254395;30254220
237725966;126797984;260723600
237790226;30243261;3184416480
237790226;3184416480;3184416539
237790226;3184416539;30243375
237790228;30243262;3184416484
237790228;3184416484;3047640924
237790228;3047640924;3047640922
237790228;3047640922;3184416465
237790228;3184416465;2819073901
237790228;2819073901;4858308207
237790228;4858308207;30243248
237790228;30243248;3184416466
237790228;3184416466;3184415007
237790228;3184415007;30243209
237790228;30243209;3184415008
237790228;3184415008;30243329
237790229;30243261;3184416481
237790229;3184416481;3184416482
237790229;3184416482;30243262
237805201;442540267;1864143382
237805201;1864143382;1311619513
237910179;30254326;3207273494
237910179;3207273494;30556754
237910181;30243260;3207273497
237910181;3207273497;3207273481
237910181;3207273481;2819073910
237910181;2819073910;4858308204
237910181;4858308204;30243245
237910181;30243245;3207273482
237910181;3207273482;5261112621
237910183;30243260;3207273496
237910183;3207273496;3207273499
237910183;3207273499;442540255
237910183;442540255;430535713
237910183;430535713;1311619392
237914518;30243166;3047641937
237914518;3047641937;30243124
237914535;5274384317;1864143418
237914535;1864143418;5268895950
237914535;5268895950;431481389
238179151;30254087;3193567407
238179151;3193567407;1863407125
238179151;1863407125;826436238
238179151;826436238;3193318002
238179151;3193318002;30556416
238179151;30556416;4553139859
238179151;4553139859;3193318000
238179151;3193318000;3888889339
238179151;3888889339;3193317982
238179151;3193317982;5078676227
238179151;5078676227;442540260
238179161;30254087;3193567410
238179161;3193567410;3193318003
238179161;3193318003;879356690
238179161;879356690;3193318005
238179161;3193318005;3053404685
238179161;3053404685;4436976528
238179170;30253862;3053404688
238179170;3053404688;3193567421
238179170;3193567421;879356706
238179170;879356706;3193567423
238179170;3193567423;3193567414
238179170;3193567414;30254057
238179170;30254057;3193567411
238179170;3193567411;3193570462
238179170;3193570462;30243333
238179176;30253862;3193567419
238179176;3193567419;1303457305
238179176;1303457305;3193567433
238179176;3193567433;30253863
238179176;30253863;3193567429
238179176;3193567429;30253864
238179181;559787233;3184416506
238179181;3184416506;3184415033
238179181;3184415033;1126848466
238179181;1126848466;559787234
238179181;559787234;3184415032
238179181;3184415032;3140134509
238179181;3140134509;30243211
238179181;30243211;2269130822
238179183;30243264;3184416507
238179183;3184416507;3184415034
238179183;3184415034;555386328
238179183;555386328;30243250
238179183;30243250;3184415035
238179183;3184415035;5274072651
238466715;30553757;3152331423
238466715;3152331423;260723993
238466730;30553757;4675068973
238466730;4675068973;30553758
240299472;301572944;301572949
240299472;301572949;1888022753
240299472;1888022753;1888022730
240299472;1888022730;301572957
240299472;301572957;2641101899
240299472;2641101899;301572961
240299472;301572961;301572951
240299472;301572951;301572963
240299472;301572963;3314294598
240299472;3314294598;301573011
240299472;301573011;3207831035
240299472;3207831035;3314294596
240299472;3314294596;3314271855
240299472;3314271855;3300162988
240299472;3300162988;301573106
240299472;301573106;4719409276
240299472;4719409276;3314271860
240299472;3314271860;3229689831
240299472;3229689831;559765970
240299472;559765970;3229689840
240299472;3229689840;301573130
240299472;301573130;1400448339
240299472;1400448339;559765964
248565671;4554362727;1311619396
248565671;1311619396;3207273317
248565671;3207273317;126803326
248565673;126797989;2573351880
248565673;2573351880;3184414998
248565673;3184414998;30243120
248565673;30243120;3184414999
248565673;3184414999;3184415000
248565673;3184415000;442540263
251060564;3154040423;2914033517
251060564;2914033517;2573520095
251060566;3154040424;2914033516
251060566;2914033516;2573520099
251060921;2573523943;2914033518
251060921;2914033518;2573523944
251752939;2579362585;2579362588
251752939;2579362588;2579362580
255327594;2777318580;5268896231
255327594;5268896231;5268895949
255327594;5268895949;2777318578
255327594;2777318578;2777318577
255327594;2777318577;2777318575
255327602;559794889;2610196535
255327603;2610196535;4828366702
263332959;30553974;30553742
263332959;30553742;30553757
263405136;30253982;3193567442
263405136;3193567442;3193567435
263405136;3193567435;2292981087
263405136;2292981087;4682071745
263405136;4682071745;3835621622
263405136;3835621622;3835613869
263405136;3835613869;3193567417
263405136;3193567417;1350812728
263405139;1350812728;3193567416
263405139;3193567416;3193567413
263405139;3193567413;30254057
263405139;30254057;3193567412
263405139;3193567412;3193567409
263405139;3193567409;30254087
263405142;30254013;30254014
263405142;30254014;412442591
263405142;412442591;30254022
263405142;30254022;30254023
263405142;30254023;4553129057
263405142;4553129057;2690159866
263405142;2690159866;3196848530
263405142;3196848530;30555007
263405142;30555007;3196848531
263405142;3196848531;4741797883
263405142;4741797883;3196848529
263405142;3196848529;30254026
263405142;30254026;3196848526
263405142;3196848526;3196848524
263405142;3196848524;30333310
263405142;30333310;3196848523
263405142;3196848523;3196847752
263405142;3196847752;3196848521
263405142;3196848521;30253572
263405142;30253572;3196848519
263405142;3196848519;3196848514
263405142;3196848514;30555975
263405142;30555975;426889996
263405142;426889996;3196848515
263405142;3196848515;3195469101
263405142;3195469101;30254029
263405142;30254029;3195469103
263405142;3195469103;3193567456
263405142;3193567456;30243334
263405142;30243334;3193567459
263405142;3193567459;3193567415
263405142;3193567415;1350812728
263405146;1350812728;1350812730
263405146;1350812730;2292981003
263405146;2292981003;1343391057
263405146;1343391057;3193567431
263405146;3193567431;2926155851
263405146;2926155851;30253863
263405146;30253863;3193567434
263405146;3193567434;30254032
264564283;559794897;30243065
264564283;30243065;3697148734
264564283;3697148734;30254060
264564283;30254060;442540280
264564283;442540280;430532868
264564283;430532868;1297469517
264564283;1297469517;2785471897
264564283;2785471897;30254059
264564283;30254059;442540281
271480162;2764476449;2764476452
272639447;253707075;2941830253
272639447;2941830253;3184350921
272639447;3184350921;3184350925
272639447;3184350925;431481362
272639448;442540276;3354002262
272639448;3354002262;3193317975
272639448;3193317975;430535730
272639450;442540284;3193317970
272639450;3193317970;3193570478
272639450;3193570478;30243330
272639450;30243330;3193570481
272639450;3193570481;1716102034
272639450;1716102034;4829320041
272639450;4829320041;3207273270
272639450;3207273270;30243389
272639450;30243389;3207273272
272639450;3207273272;1844140133
272639450;1844140133;3207273276
272639450;3207273276;426890147
272639450;426890147;2941830252
272639450;2941830252;30254194
272639450;30254194;3207273279
272639450;3207273279;3207273286
272639450;3207273286;30253568
272639450;30253568;3207273283
272639450;3207273283;4151671168
272639450;4151671168;1303465744
272639450;1303465744;30254193
272639450;30254193;4715271521
272639450;4715271521;30254192
272639450;30254192;30555005
272639450;30555005;126545684
284450136;126803357;3207273352
284450136;3207273352;3207273342
284450136;3207273342;126803368
284450136;126803368;426890157
284450136;426890157;3207273346
284450136;3207273346;1126848552
284450142;126803357;4961857266
284450142;4961857266;4961857268
284450142;4961857268;426886937
284450142;426886937;1534156626
284450142;1534156626;4961854645
284450142;4961854645;126797987
284450145;126803331;3207273359
284450145;3207273359;2573523944
284450145;2573523944;3207273466
284450145;3207273466;30333329
287831448;2682532973;2914033515
288595617;30553742;30553741
288595617;30553741;1377225897
288595617;1377225897;30553740
289979602;30254370;30254393
293858820;126803368;1482414569
293858820;1482414569;3207273338
293858820;3207273338;30243206
293858820;30243206;3207273339
293858820;3207273339;3207273471
293858820;3207273471;3207273505
293858820;3207273505;1124790711
293858823;30555973;616490912
293858823;616490912;3196848556
293858823;3196848556;2984209679
293858823;2984209679;1396408887
293858823;1396408887;3196848704
293858823;3196848704;30253569
294085168;442540240;1311770053
294085168;1311770053;30238029
294085180;30238029;2641101902
294085180;2641101902;2989836084
294085180;2989836084;442540250
294085180;442540250;442540251
294085180;442540251;442540252
294085180;442540252;1499890030
294085180;1499890030;442540253
294085180;442540253;3207831032
294085180;3207831032;4719410202
294085180;4719410202;3229689810
294085180;3229689810;442540254
294085180;442540254;4719410193
294085180;4719410193;3229689825
294085180;3229689825;1400448346
294085180;1400448346;1382922538
294085184;442540240;2989836095
294085186;1311770053;2641101904
294085186;2641101904;2989836086
294085186;2989836086;30243371
294798014;30243390;4553139860
294798014;4553139860;2984209665
294798014;2984209665;1860476035
294798014;1860476035;2984209664
294798014;2984209664;2984209661
294798014;2984209661;30242962
294798015;30555974;1350812710
294798015;1350812710;1839151817
294798015;1839151817;2984209681
294798015;2984209681;1855945862
294798015;1855945862;4829206074
294798015;4829206074;30555973
294798016;30555972;1860476053
294798016;1860476053;1860476043
294798016;1860476043;3207273277
294798016;3207273277;30254194
294798016;30254194;3207273278
294798016;3207273278;3207273293
294798016;3207273293;30243160
294798016;30243160;3207273295
294798016;3207273295;3207273311
294798016;3207273311;30243117
294798016;30243117;3207273310
294798016;3207273310;3207273344
294798016;3207273344;126797329
295124098;2988042338;3314294616
295124098;3314294616;3314294606
295124098;3314294606;2364060363
295124098;2364060363;30242861
295124098;30242861;3314294609
295124098;3314294609;3314294604
295124098;3314294604;30242862
295124098;30242862;3314294601
295124098;3314294601;3314294592
295124098;3314294592;301573011
295124098;301573011;71643533
295124098;71643533;301572269
295124098;301572269;3314294593
295124098;3314294593;442540253
295124098;442540253;30242864
295124098;30242864;442540236
295124098;442540236;3184416796
295124098;3184416796;30242865
295124098;30242865;3184416799
295124098;3184416799;3047640925
295124098;3047640925;3184416524
295124098;3184416524;30242866
295124098;30242866;3184416528
295124098;3184416528;3184416492
295124098;3184416492;30242867
295124098;30242867;3184416495
295124098;3184416495;3184415051
295124098;3184415051;2819073399
295124098;2819073399;30242868
295124098;30242868;3184415054
295124098;3184415054;3184415019
295124098;3184415019;30242869
295124098;30242869;3184415022
295124098;3184415022;126803361
295281240;30238030;3184416779
295281240;3184416779;4173395797
295281240;4173395797;442540240
295281241;30238029;4173395795
295281241;4173395795;301572459
295281241;301572459;71643542
295281241;71643542;301572957
295281241;301572957;1888022726
295281241;1888022726;1458001624
295281241;1458001624;30238027
295281241;30238027;2989848232
295281241;2989848232;30238026
295281242;2989836087;30238029
295281243;2989836095;5375631705
295281243;5375631705;3236553566
295281243;3236553566;3276518991
295281243;3276518991;442540242
295288870;30553747;30553748
295288870;30553748;30553749
295288870;30553749;30617411
295288870;30617411;1008166634
295288870;1008166634;30553750
295288870;30553750;1008166669
295288870;1008166669;126604074
295288870;126604074;30553752
295288870;30553752;126734703
295288870;126734703;30553753
295288870;30553753;126502156
295288870;126502156;126508690
295288870;126508690;30553756
295288870;30553756;30553757
296827086;30556746;30556747
296827086;30556747;30556748
296827086;30556748;30556749
296827086;30556749;30556750
296827086;30556750;126697585
296827086;126697585;30556631
296827086;30556631;30254381
296827086;30254381;30554503
296827086;30554503;30554041
296827086;30554041;1377899686
296827086;1377899686;30333341
296827086;30333341;3207273521
296827086;3207273521;1377899678
296827086;1377899678;30556754
300071293;442540281;3193318010
300071293;3193318010;3053404687
300071293;3053404687;4436976529
300071293;4436976529;3053404684
300071293;3053404684;826436082
300071293;826436082;826436085
300071293;826436085;3888889341
300071293;3888889341;4553139857
300071293;4553139857;3888889329
300071293;3888889329;442540282
300664623;3047640923;3140209425
301242207;3053342336;3053342335
301242207;3053342335;5264394019
301242207;5264394019;4520409992
301242207;4520409992;4520409993
301242207;4520409993;3053342333
304693485;126812841;126812843
304693485;126812843;126812844
304693486;126812850;4412467260
304693486;4412467260;1311833059
304693486;1311833059;506219369
304693486;506219369;4412467262
304693486;4412467262;126812851
304693486;126812851;4412467266
304693486;4412467266;4412467261
304693486;4412467261;4412467265
304693486;4412467265;2269130838
307933382;1311619365;3184416769
307933382;3184416769;3184416773
307933382;3184416773;3141525071
307933383;1311619365;1864143395
307933383;1864143395;30254222
307933383;30254222;3184416762
307933383;3184416762;30253494
307933383;30253494;3184416763
307933383;3184416763;3184416776
307933383;3184416776;30238030
307933383;30238030;1126848483
307933383;1126848483;3184416781
307933383;3184416781;3184416782
307933383;3184416782;30243373
307933384;1311619407;3184416775
307933384;3184416775;3207273501
307933384;3207273501;1311619392
307933385;1311619407;430535714
307933385;430535714;442540257
307933386;1311619392;2905939350
307933386;2905939350;3207273474
307933386;3207273474;2819073905
307933386;2819073905;1311619424
307933387;1311619392;1864143448
307933387;1864143448;442540256
307933387;442540256;3184416474
307933387;3184416474;30238032
307933387;30238032;2905939346
307933387;2905939346;3184416477
307933387;3184416477;3184416478
307933387;3184416478;30243261
307933389;1311619424;3207273473
307933389;3207273473;3207273330
307933389;3207273330;30243207
307933391;1124790711;3207273472
307933391;3207273472;4858308206
307933391;4858308206;4858308205
307933391;4858308205;3207273480
307933391;3207273480;30243245
307933391;30243245;3207273483
307933391;3207273483;4858308199
307933391;4858308199;3207273484
307933391;3207273484;30243244
307933392;30243207;3207273331
307933392;3207273331;3207273334
307933392;3207273334;3207273325
308354705;243756418;559794891
308354705;559794891;4828366698
308354705;4828366698;2775313803
308354705;2775313803;431481321
308354707;559794895;4828366697
308354707;4828366697;2775313802
308354707;2775313802;431481321
308354708;559794895;243756418
308354914;559794889;431481322
308355153;250794421;3645143319
308355153;3645143319;3697123086
308355153;3697123086;559794886
308355153;559794886;1475967000
308355153;1475967000;1475966998
308355153;1475966998;30242809
308355154;431481328;3184350914
308355154;3184350914;3184350920
308355154;3184350920;253707075
308355155;431481328;1864143460
308355155;1864143460;3697123087
308355155;3697123087;250794421
308355198;126797324;4829396036
308355198;4829396036;4829396034
308355198;4829396034;126797989
308355199;126803324;3184415011
308355199;3184415011;30243210
308355199;30243210;3184415012
308355199;3184415012;3184416461
308355199;3184416461;30243249
308355199;30243249;2819073400
308355199;2819073400;3184415056
308355199;3184415056;3047640921
308355199;3047640921;3047640923
308355199;3047640923;3184416487
308355199;3184416487;30243263
308355199;30243263;3184416488
308355199;3184416488;3184416531
308355199;3184416531;33098963
308355199;33098963;3184416530
308355199;3184416530;3047640926
308355199;3047640926;3184416791
308355199;3184416791;30254224
308355199;30254224;3184416792
308355199;3184416792;442540237
308754471;3140209426;3047640924
308861416;94668946;3184416560
308861416;3184416560;3141525071
308861418;3141525071;3184416774
308861418;3184416774;1311619407
308861419;3141525071;3184416549
308861419;3184416549;442540257
308861420;30254348;1864143511
308861420;1864143511;1311619407
309055983;250794419;3184350926
309055983;3184350926;3184350922
309055983;3184350922;250794420
309055983;250794420;3184350919
309055983;3184350919;3184350913
309055983;3184350913;250794421
309055985;30243163;3184350961
309055985;3184350961;3184350962
309055985;3184350962;30242872
309055985;30242872;3184350968
309055985;3184350968;3184350965
309055985;3184350965;3184350969
309055985;3184350969;3697148741
309055985;3697148741;30243061
309055986;1311619319;3193570494
309055986;3193570494;1770635937
309055988;30243159;3207273287
309055988;3207273287;3207273294
309055988;3207273294;30243160
309055988;30243160;1534156634
309055988;1534156634;3207273296
309055988;3207273296;3207273297
309055988;3207273297;30243161
309055988;30243161;3207273299
309055988;3207273299;1716102039
309055988;1716102039;3193570487
309055988;3193570487;430535725
309055989;30243159;3207273289
309055989;3207273289;3193567396
309055989;3193567396;5245540132
309055989;5245540132;3193567397
309055989;3193567397;3207273285
309055989;3207273285;30253568
309055989;30253568;3207273284
309055989;3207273284;3196848710
309055989;3196848710;30242960
309896346;30333329;3207273465
309896346;3207273465;3154040423
309896346;3154040423;3154040424
309896346;3154040424;3207273467
309896346;3207273467;30243205
309896346;30243205;3207273469
309896346;3207273469;3207273337
309896346;3207273337;30243206
309896346;30243206;426890171
309896346;426890171;3207273336
309896346;3207273336;3207273329
309896346;3207273329;442540293
309896346;442540293;430535710
309896346;430535710;30243207
309896347;5264363332;3207273486
309896347;3207273486;30243244
309896347;30243244;2819073911
309896347;2819073911;3207273487
309896347;3207273487;3207273489
309896347;3207273489;30333328
313379178;1770635938;3193317974
313379178;3193317974;430535730
313379178;430535730;3193317976
313379178;3193317976;442540259
313379179;442540260;3193312157
313379180;442540260;3143655998
313379181;4828487515;5221746561
313379181;5221746561;3193312160
313379181;3193312160;3888889337
313379181;3888889337;3193317961
313379181;3193317961;5078676231
313379181;5078676231;3193317962
313379181;3193317962;3193317963
313379182;442540259;3195469090
313379182;3195469090;3888894773
313379183;3193312160;3193317964
313379183;3193317964;3193317965
313379183;3193317965;3193317984
313379183;3193317984;4089076990
313379183;4089076990;5078676233
313379183;5078676233;3888894774
313379184;3888894773;5078676228
313379184;5078676228;4089076990
313379184;4089076990;3193317985
313379184;3193317985;3193317987
313379184;3193317987;3888889340
313379184;3888889340;1770635933
313379185;3193317963;3761330168
313379185;3761330168;3761330167
313379185;3761330167;3761330166
313379185;3761330166;442540259
313379186;3193317963;3888894773
313379187;442540259;3354002264
313379187;3354002264;3184350956
313379187;3184350956;30254197
313379187;30254197;3053404671
313379187;3053404671;3184350955
313379187;3184350955;4470596641
313379188;3143655998;3193312157
313379189;3143655998;3193317963
313379190;3193317977;3761330164
313379190;3761330164;3193317978
313379190;3193317978;3761330163
313379190;3761330163;3761330161
313379190;3761330161;3761330162
313379190;3761330162;3193317979
313379190;3193317979;3761330165
313379190;3761330165;1311619516
313379191;3193312157;3193312158
313379191;3193312158;3193317973
313379191;3193317973;30254195
313379191;30254195;3053404675
313379191;3053404675;3193317968
313379191;3193317968;1770635937
313379192;3888894774;3193317986
313379192;3193317986;3184350933
313379192;3184350933;30242874
313379192;30242874;3053404682
313379192;3053404682;3184350936
313379192;3184350936;2269130883
313379192;2269130883;3208546125
313379192;3208546125;30242965
313379192;30242965;2269130874
313379192;2269130874;2269130871
313379192;2269130871;431481328
313379194;3193317990;3193317992
313379194;3193317992;3490013086
313379194;3490013086;1770635933
313379195;3193317990;3193317991
313379195;3193317991;2775313791
313379195;2775313791;3193317995
313379195;3193317995;30242877
313379196;442540278;2785471886
313379196;2785471886;4828487518
313379196;4828487518;3193317996
313379196;3193317996;30242877
313379196;30242877;3193318008
313379196;3193318008;442540279
313379196;442540279;3193318009
313379196;3193318009;442540280
313379196;442540280;3233683025
313379196;3233683025;5484732765
313379196;5484732765;559803319
313379197;1770635933;1159755002
313379197;1159755002;3888889331
313379197;3888889331;1159755012
313379197;1159755012;3888889333
313379198;442540282;3193317989
313379198;3193317989;4553139858
313379198;4553139858;3193317999
313379198;3193317999;30556416
313379199;4436976528;3193318007
313379199;3193318007;3193567418
313379199;3193567418;30253862
313395784;430535725;3193570493
313395784;3193570493;3193570503
313395784;3193570503;442540289
313395785;1311619326;3193570496
313395785;3193570496;1311619319
313395786;430535725;3193570492
313395786;3193570492;2573351872
313395786;2573351872;3193570483
313395786;3193570483;3053404678
313395786;3053404678;30243330
313395786;30243330;3193570482
313395786;3193570482;1286855176
313395786;1286855176;3193570475
313395786;3193570475;30242963
313395786;30242963;5078676230
313395786;5078676230;3193570474
313395786;3193570474;1286855172
313395786;1286855172;3193570473
313395786;3193570473;4553139861
313395786;4553139861;30243331
313395788;1311619311;3193570504
313395788;3193570504;3193570495
313395788;3193570495;1311619326
313674012;3196848548;5437760642
313674012;5437760642;3196848550
313674012;3196848550;3196848558
313674012;3196848558;3196848551
313674012;3196848551;3196848560
313674012;3196848560;3196848552
313674012;3196848552;3196848557
313674012;3196848557;3196848553
313674012;3196848553;3196848554
313674012;3196848554;3196848555
313674012;3196848555;4638554582
313674012;4638554582;3196848556
314679876;1311619420;4235640508
314679876;4235640508;442540267
314679877;3207273325;3207273335
314679877;3207273335;1311619420
314679879;3207273322;3207273333
314679879;3207273333;442540293
314679879;442540293;3207273332
314679879;3207273332;2530684915
314679879;2530684915;1124790711
314679880;1126848552;3207273320
314679880;3207273320;3207273319
314679881;3207273319;3207273318
314679882;3207273319;1864143446
314679882;1864143446;1311619420
314679884;3207273488;1303465750
314679884;1303465750;30333337
314679884;30333337;30554044
314679884;30554044;30556539
314679884;30556539;126699974
314679884;126699974;415935180
314679884;415935180;30554509
314679884;30554509;415935008
314679884;415935008;415937924
314679884;415937924;415884756
314679884;415884756;126699973
314679884;126699973;126699971
314825294;126803340;4870404266
314825294;4870404266;5000015112
314825294;5000015112;126797984
315171214;3212657024;3212657022
315171214;3212657022;3212657021
315171214;3212657021;3212657023
315171214;3212657023;5268895942
315171214;5268895942;2749371911
315171547;3212663528;3212663526
315171547;3212663526;3212663529
317400734;3236553574;3236553569
317400734;3236553569;3236553566
317400737;3236553573;3236553572
317400737;3236553572;3236553582
317400738;3236553576;3236553575
317400738;3236553575;3236553571
330913949;126800081;3184350887
330913949;3184350887;3184350876
330913949;3184350876;126800097
330913949;126800097;3184350881
330913949;3184350881;4829396040
330913950;30242809;5065889830
330913950;5065889830;1475966999
330913950;1475966999;30242808
330913950;30242808;1475967001
330913950;1475967001;536418264
330913950;536418264;1864143479
330913950;1864143479;4908299845
330913950;4908299845;506236275
330913951;126798002;3184350879
330913951;3184350879;3184350883
330913951;3184350883;213942769
330913951;213942769;3184350888
330913951;3184350888;126797999
330913951;126797999;2749371915
330913951;2749371915;2659550845
330913951;2659550845;2749371914
330913951;2749371914;2659550848
330913951;2659550848;2749371912
330913951;2749371912;2749371913
330913951;2749371913;2269130824
330913951;2269130824;2749371911
330913951;2749371911;2659550864
330913951;2659550864;126812847
360381684;559794897;4413415512
360381684;4413415512;559794895
373434809;3193312157;3193317980
373434809;3193317980;442540259
378698272;506236255;3821190139
378698272;3821190139;3821190138
378698272;3821190138;3821190137
378698272;3821190137;3821190136
378698272;3821190136;3821190141
378698272;3821190141;3821190142
378698272;3821190142;3821190135
378698272;3821190135;3821190134
378698272;3821190134;3821190133
378698273;3821190143;3821190144
378698273;3821190144;3821190145
378698273;3821190145;3821190146
378698273;3821190146;3821190147
378698273;3821190147;3821190148
378698273;3821190148;3821190149
378698273;3821190149;3821190150
378698273;3821190150;5163682961
384799563;431481322;2775313805
384799563;2775313805;4828366700
384799563;4828366700;30254090
440369834;2269130822;2749373130
440369834;2749373130;126812841
446419827;30242877;1297469526
446419827;1297469526;2785471892
446419827;2785471892;4436976529
446419828;4436976528;3053404687
446419828;3053404687;2785471895
446419828;2785471895;1297469528
446419828;1297469528;442540279
446419828;442540279;30254088
446419828;30254088;4716548496
446419828;4716548496;3697148735
446419828;3697148735;30254089
447255449;4436976529;4436976528
449991616;30243207;1864143493
449991616;1864143493;1126848522
449991616;1126848522;3184415002
449991616;3184415002;30243208
449991616;30243208;3184415005
449991616;3184415005;3184415006
449991616;3184415006;30243209
449991616;30243209;3184415009
449991616;3184415009;3184415010
449991616;3184415010;30243210
449991616;30243210;3184415013
449991616;3184415013;3184415018
449991616;3184415018;30242869
449991616;30242869;3184415017
449991616;3184415017;3184415021
449991616;3184415021;3184415024
449991616;3184415024;3497460964
449991616;3497460964;30243058
449991616;30243058;3184415026
449991616;3184415026;3184415028
449991616;3184415028;559787238
449991616;559787238;2777318581
449991616;2777318581;431484966
449991624;30243251;3184350809
449991624;3184350809;3184350785
449991624;3184350785;30242759
449991624;30242759;3184350783
449991624;3184350783;3184350789
449991624;3184350789;30242815
449991624;30242815;3184350790
449991624;3184350790;992005001
449991624;992005001;3184415030
449991624;3184415030;559787234
449991624;559787234;2508272960
449991624;2508272960;4716375239
449991624;4716375239;30243250
449991624;30243250;4716375241
449991624;4716375241;2874226364
449991624;2874226364;559787235
449991624;559787235;3184415038
449991624;3184415038;3184415041
449991624;3184415041;30243057
449991624;30243057;3497460963
449991624;3497460963;3184415044
449991624;3184415044;2764476452
449991624;2764476452;3184415048
449991624;3184415048;3184415047
449991624;3184415047;30242868
449991624;30242868;3184415053
449991624;3184415053;3184415059
449991624;3184415059;30243249
449991624;30243249;3184415057
449991624;3184415057;3047640919
449991624;3047640919;3184416462
449991624;3184416462;30243248
449991624;30243248;3184416467
449991624;3184416467;3184416468
449991624;3184416468;30243247
449991624;30243247;3184416472
449991624;3184416472;3207273478
449991624;3207273478;1126848499
449991628;30242811;3184350903
449991628;3184350903;3184350904
449991628;3184350904;30242763
449991628;30242763;3184350905
449991628;3184350905;30243166
449991628;30243166;506236255
449991628;506236255;4908299861
449991628;4908299861;5163682961
449991628;5163682961;219026483
449991630;30254227;3184416789
449991630;3184416789;3184416790
449991630;3184416790;30254224
449991630;30254224;3184416793
449991630;3184416793;3184416795
449991630;3184416795;30242865
449991630;30242865;3184416794
449991630;3184416794;3184416798
449991630;3184416798;1473221665
449991630;1473221665;3184416801
449991630;3184416801;5484707798
449991630;5484707798;3497460960
449991630;3497460960;30243054
449991630;30243054;3184416803
449991630;3184416803;3184416805
449991630;3184416805;559787230
449991634;2781080545;4716375266
449991634;4716375266;2508272962
449991634;2508272962;559787237
449991634;559787237;3184416514
449991634;3184416514;3184416519
449991634;3184416519;30243055
449991634;30243055;3497460961
449991634;3497460961;3184416522
449991634;3184416522;1473221664
449991634;1473221664;2764476465
449991634;2764476465;3184416523
449991634;3184416523;3184416525
449991634;3184416525;30242866
449991634;30242866;3184416527
449991634;3184416527;3184416532
449991634;3184416532;33098963
449991634;33098963;3184416533
449991634;3184416533;3184416535
449991634;3184416535;30243328
450137743;442540282;3888889332
450137743;3888889332;3888889333
450137744;4470596641;3184350959
450137744;3184350959;30243163
450137746;30243163;3184350960
450137746;3184350960;3184350985
450137746;3184350985;33098964
450137746;33098964;3184350987
450137746;3184350987;126797324
450138778;1770635933;3193317994
450138778;3193317994;442540278
450138779;3888894773;3888894774
450282540;30555001;2682230061
450282540;2682230061;426886706
450282540;426886706;4961857261
450282540;4961857261;126803336
450282541;30556099;126803334
450282542;30558452;30555001
450369486;30243118;3207273302
450369486;3207273302;3207273312
450369486;3207273312;426890151
450369486;426890151;30243117
450369486;30243117;3207273309
450369486;3207273309;3047641935
450369486;3047641935;3207273306
450369486;3207273306;30243116
450369486;30243116;3207273307
450369486;3207273307;30243115
450369486;30243115;30243114
450369486;30243114;30555002
450369490;1311619326;3193570490
450369490;3193570490;430535725
450396236;442540242;3184416764
450396236;3184416764;30253494
450613275;4717481850;2269130880
450613275;2269130880;30242965
450613275;30242965;2269130877
450613275;2269130877;3184350941
450613275;3184350941;30243062
450613275;30243062;3053404667
450613275;3053404667;3184350942
450613275;3184350942;3184350970
450613275;3184350970;30243061
450613277;250793737;3184350980
450613277;3184350980;30242871
450613277;30242871;3184350981
450613277;3184350981;3184350963
450613277;3184350963;30242872
450613277;30242872;3184350966
450613277;3184350966;3184350947
450613277;3184350947;3053404670
450613277;3053404670;30254198
450613277;30254198;3184350950
450613277;3184350950;3184350934
450613277;3184350934;30242874
450613277;30242874;5028167020
450613277;5028167020;3184350938
450613277;3184350938;3888894776
450613277;3888894776;2775313814
450613277;2775313814;3193317990
450613278;126803361;426887254
450613278;426887254;250793737
463029898;3236553571;4583463188
463029898;4583463188;4583463187
463029898;4583463187;3236553574
463030015;3236553581;4583463757
463030015;4583463757;3236553573
463067810;3821190133;4582895923
463067810;4582895923;4583825165
463067810;4583825165;3821190143
478293110;4715261720;4715261719
478293819;5261111472;4715271506
478293819;4715271506;4715271507
478293848;4715271507;4715275197
478293861;4715275197;4715275289
478293915;4715271521;4715271520
478522659;536418253;2775313815
478522659;2775313815;4717481850
478525262;30243058;3184415027
478525262;3184415027;3184415040
478525262;3184415040;30243057
478525262;30243057;2819073398
478525271;250793733;3184415025
478525271;3184415025;30243058
478525284;4717526997;4717526992
478525284;4717526992;4717526996
478525284;4717526996;4717526995
478525284;4717526995;4717526994
478525284;4717526994;4717526991
478525284;4717526991;4717526990
478525284;4717526990;4717526993
478705995;2819073398;3184415043
478705995;3184415043;3184416499
478705995;3184416499;30243056
478705995;30243056;3184416500
478705995;3184416500;3184416521
478705995;3184416521;5484705940
478705995;5484705940;30243055
481247696;4741815501;4741815502
483469230;30243262;3184416485
483469230;3184416485;3184416486
483469230;3184416486;30243263
483469230;30243263;3184416489
483469230;3184416489;3184416491
483469230;3184416491;30242867
483469230;30242867;3184416490
483469230;3184416490;3184416494
483469230;3184416494;819552812
483469230;819552812;3184416497
483469230;3184416497;3697148746
483469230;3697148746;30243056
483469230;30243056;3184416498
483469230;3184416498;3184416501
483469230;3184416501;559787236
483469781;431484966;30243211
483469781;30243211;3184415029
483469781;3184415029;3184350793
483469781;3184350793;3910974570
483469781;3910974570;30242814
483469781;30242814;3184350794
483469781;3184350794;3184350797
483469781;3184350797;30242760
483469781;30242760;3184350799
483469781;3184350799;3184350800
483469781;3184350800;30243212
483469781;30243212;3184350802
483469781;3184350802;30243213
483469782;431484966;5268895969
483469782;5268895969;2269130822
490655483;536418264;3184350909
490655483;3184350909;4828366705
490655483;4828366705;1864143504
490655483;1864143504;559794889
490667329;3888889333;4828487515
490667333;4828488323;3184350931
490667333;3184350931;536418253
490731922;30556416;3193318001
490731922;3193318001;1303457329
490731922;1303457329;3193570470
490731922;3193570470;30243331
499563627;506236258;1433632537
499563627;1433632537;506236259
499563628;506236258;1433632535
499563628;1433632535;506236256
519375851;2777318573;2777318572
519375851;2777318572;5268896174
519375851;5268896174;2777318571
519375851;2777318571;5268895967
519375851;5268895967;2777318569
519375851;2777318569;559787238
519375852;2777318573;2543521874
519375852;2543521874;126812839
521045102;4828366702;559794893
524963566;30243371;1311770048
524963567;30243373;3184416783
524963567;3184416783;3047640930
524963567;3047640930;30243372
524963567;30243372;3170159039
524963567;3170159039;442540239
524963567;442540239;2836500332
524963567;2836500332;30243371
525638414;30243328;3184416536
525638414;3184416536;3184416538
525638414;3184416538;30243375
525638416;30243328;3184416537
525638416;3184416537;3184416483
525638416;3184416483;30243262
525638418;1311770048;1480282267
525638418;1480282267;3049445834
525638418;3049445834;442540238
525638418;442540238;3047640929
525638418;3047640929;3184416787
525638418;3184416787;30254227
526132001;30243391;1361887062
526132001;1361887062;3193570463
526132001;3193570463;30243332
526132002;30243332;3193570464
526132002;3193570464;2598991515
526132002;2598991515;30243333
526206807;30254032;1303457293
526206807;1303457293;319615779
526206807;319615779;442540281
526206808;442540281;3193567420
526206808;3193567420;30253862
526213092;30243371;2836500331
526213092;2836500331;442540250
526213092;442540250;2573294266
526213092;2573294266;30243370
526213092;30243370;301572399
526213092;301572399;71643538
526213092;71643538;301572961
526213092;301572961;30243368
526213092;30243368;30243367
526213092;30243367;30243366
526213092;30243366;2293680561
526213092;2293680561;30237641
531724278;30243331;3193570472
531724278;3193570472;3193570466
531724278;3193570466;30243332
542569143;5245540873;5245538831
542569203;5245540132;5245540131
543340571;5252483756;5252483757
543340574;126803336;5252483756
544113526;442540258;430535708
544113526;430535708;1311619365
544200290;1311619514;5260601899
544248638;30558452;30558453
544248638;30558453;30243114
544248638;30243114;30558454
544248638;30558454;30243157
544248638;30243157;2579362580
544248638;2579362580;5261111472
544248638;5261111472;5261112521
544248639;5261112123;3207273357
544248639;3207273357;126797986
544248640;5261112621;3207273468
544248640;3207273468;30243205
544248640;30243205;3207273470
544248640;3207273470;2914033515
544248640;2914033515;3207273350
544248640;3207273350;126803357
544248641;5261112124;3207273498
544248641;3207273498;30243260
544614092;30333329;3207273463
544614092;3207273463;800572603
544614092;800572603;5264363332
544614093;5264363334;30555003
544614093;30555003;30555002
544617971;5264394428;3207273492
544617971;3207273492;30254326
545718426;5274072650;3184350929
545718426;3184350929;250794419
545718427;5274072651;3140134508
545718427;3140134508;431484966
545724437;5274125913;4828366692
545724437;4828366692;1864143465
545724437;1864143465;431481322
545747644;559787238;3140134507
545747644;3140134507;5274384899
545747645;431481362;1534156609
545747645;1534156609;5274384317
545747646;431481321;2775313816
545747646;2775313816;5274385305
546138912;30242963;3193570477
546138912;3193570477;3193317977
546138912;3193317977;3193317981
546138912;3193317981;442540260
546578350;30333312;4553139866
546578350;4553139866;3196848702
546578350;3196848702;3196848717
546578350;3196848717;5344717241
546578350;5344717241;30242959
546578350;30242959;3196848714
546578350;3196848714;30254193
546578350;30254193;30243158
546578350;30243158;30333313
546578350;30333313;30243115
546578350;30243115;1487126963
546578350;1487126963;3207273356
546578350;3207273356;126797986
549749256;30242809;1475966987
549749256;1475966987;506236271
549749256;506236271;30242967
549749256;30242967;30242766
549749257;30242811;1438747436
549749257;1438747436;3184350906
549749257;3184350906;30242810
549749257;30242810;1475966985
549749257;1475966985;3184350907
549749257;3184350907;30242809
549749258;213942769;3184350889
549749258;3184350889;3184350890
549749258;3184350890;30242812
549749258;30242812;3184350893
549749258;3184350893;3184350902
549749258;3184350902;30242811
549749259;559794884;3184350928
549749259;3184350928;3184350901
549749259;3184350901;30242811
549749260;250794419;3697123082
549749260;3697123082;1362900011
549749260;1362900011;559794884
549749261;1311833055;4412467272
549749261;4412467272;4412467247
549749261;4412467247;559794881
549749261;559794881;4412467248
549749261;4412467248;1864143392
549749261;1864143392;3184350930
549749261;3184350930;559794884
549749262;1311833055;4412467253
549749262;4412467253;250794418
549749263;431481389;2777318580
549749264;30243124;3184350900
549749264;3184350900;3184350895
549749264;3184350895;30242762
549749264;30242762;3184350897
549749264;3184350897;3184350891
549749264;3184350891;30242812
549749264;30242812;3184350892
549749264;3184350892;3212663529
549749264;3212663529;5268895937
549749264;5268895937;1864143426
549749264;1864143426;559794881
549749264;559794881;250794418
549749264;250794418;2777318590
549749264;2777318590;431481389
549932652;126797988;4554362727
550092214;30243333;3193567460
550092214;3193567460;3195469107
550092214;3195469107;30243392
550092215;30243392;3195469106
550092215;3195469106;1859058465
550092215;1859058465;5531929139
550092215;5531929139;1361887080
550092215;1361887080;30243391
552386718;126803326;1311619441
552386719;2269130838;2543521869
552386719;2543521869;2777318575
552386720;2777318575;2777318586
552386720;2777318586;2777318574
552386720;2777318574;2777318587
552386720;2777318587;2777318573
554934617;442540289;3193570502
554934617;3193570502;3207273304
554934617;3207273304;30243118
554934619;30555002;1487126966
554934619;1487126966;30555001
570478919;30242764;1475966958
570478919;1475966958;1475966966
570478919;1475966966;30242810
570478919;30242810;1475966986
570478919;1475966986;1475966988
570478919;1475966988;559794885
570478919;559794885;2669069243
570478919;2669069243;3697123085
570478919;3697123085;250794420
570478919;250794420;3697123083
570478919;3697123083;1864143485
570478919;1864143485;253707075
570478919;253707075;3053404664
570478919;3053404664;2264591895
570478919;2264591895;3184350939
570478919;3184350939;4717481827
570478919;4717481827;30243062
570478919;30243062;3697148739
570478919;3697148739;3184350943
570478919;3184350943;3184350944
570478919;3184350944;3053404669
570478919;3053404669;30254198
570478919;30254198;3184350948
570478919;3184350948;3184350953
570478919;3184350953;30254197
570478919;30254197;3184350957
570478919;3184350957;442540276
570553571;5485468959;2264591782
570553571;2264591782;3184415016
570553571;3184415016;250793737
571434739;250793737;126797324
571448015;773324530;3697148743
571448015;3697148743;4717526570
571448015;4717526570;5485468959
571448018;442540275;3193570500
571448018;3193570500;3184350958
571448018;3184350958;30243163
571448019;30243061;3184350971
571448019;3184350971;2264591838
571448019;2264591838;2264591826
571448019;2264591826;3184350924
571448019;3184350924;431481362
571448019;431481362;1864143497
571448019;1864143497;3697123081
571448019;3697123081;250794419
571448020;30243061;1534156611
571448020;1534156611;3184350972
571448020;3184350972;3184350976
571448020;3184350976;30243129
571448020;30243129;4717526993
571448020;4717526993;3184350973
571448020;3184350973;773324530
571448021;30243329;126803324
571448022;126797324;426889568
571448022;426889568;126803324
576891118;5531929139;5531929140
