30237639;41.39162;2.155057;0.03761284;0.72242
30237641;41.38991;2.157327;0.03765247;0.7223902
30237697;41.39079;2.153936;0.03759327;0.7224055
30237867;41.39007;2.153007;0.03757707;0.722393
30238026;41.39245;2.158472;0.03767244;0.7224346
30238027;41.39299;2.159233;0.03768573;0.7224439
30238029;41.39473;2.16146;0.03772459;0.7224743
30238030;41.39587;2.16297;0.03775095;0.7224942
30238031;41.39674;2.164093;0.03777056;0.7225095
30238032;41.39755;2.165218;0.03779018;0.7225235
30242759;41.39138;2.175696;0.03797306;0.7224159
30242760;41.39221;2.176831;0.03799287;0.7224303
30242762;41.3939;2.179109;0.03803263;0.7224598
30242763;41.39473;2.180221;0.03805204;0.7224743
30242764;41.39564;2.181345;0.03807164;0.7224903
30242766;41.39647;2.182462;0.03809114;0.7225047
30242808;41.39809;2.182319;0.03808865;0.722533
30242809;41.39735;2.181324;0.03807128;0.72252
30242810;41.3965;2.180219;0.038052;0.7225052
30242811;41.39561;2.179036;0.03803135;0.7224898
30242812;41.39479;2.177937;0.03801217;0.7224753
30242814;41.39308;2.175703;0.03797317;0.7224455
30242815;41.39222;2.174574;0.03795348;0.7224306
30242816;41.39136;2.173416;0.03793326;0.7224154
30242817;41.39053;2.172299;0.03791377;0.722401
30242861;41.38823;2.161879;0.0377319;0.722361
30242862;41.38906;2.162989;0.03775129;0.7223754
30242864;41.39132;2.16599;0.03780365;0.7224148
30242865;41.39244;2.167477;0.03782961;0.7224345
30242866;41.3933;2.168633;0.03784979;0.7224494
30242867;41.39415;2.169761;0.03786948;0.7224642
30242868;41.395;2.170894;0.03788925;0.722479
30242869;41.39585;2.172017;0.03790884;0.7224938
30242871;41.39755;2.174287;0.03794846;0.7225235
30242872;41.3984;2.175416;0.03796818;0.7225383
30242874;41.40011;2.177707;0.03800815;0.7225683
30242877;41.4014;2.179461;0.03803877;0.7225907
30242956;41.40759;2.167786;0.037835;0.7226988
30242957;41.40693;2.168675;0.03785052;0.7226872
30242958;41.40605;2.169789;0.03786996;0.7226719
30242959;41.40524;2.170941;0.03789006;0.7226577
30242960;41.40435;2.172089;0.03791011;0.7226422
30242962;41.40265;2.174301;0.03794871;0.7226126
30242963;41.4018;2.175463;0.03796899;0.7225978
30242965;41.39923;2.17887;0.03802846;0.7225529
30242967;41.39656;2.182342;0.03808906;0.7225063
30243054;41.39159;2.1686;0.0378492;0.7224196
30243055;41.39245;2.169756;0.03786938;0.7224346
30243056;41.39329;2.170887;0.03788913;0.7224492
30243057;41.39416;2.172034;0.03790914;0.7224643
30243058;41.395;2.173155;0.03792871;0.722479
30243061;41.39752;2.176581;0.0379885;0.722523
30243062;41.39838;2.177735;0.03800865;0.7225381
30243065;41.40181;2.182324;0.03808875;0.7225978
30243112;41.40527;2.164119;0.03777101;0.7226583
30243114;41.40353;2.166411;0.03781101;0.7226279
30243115;41.40269;2.167519;0.03783034;0.7226132
30243116;41.40182;2.168658;0.03785023;0.7225981
30243117;41.40097;2.169783;0.03786986;0.7225832
30243118;41.4001;2.170919;0.03788968;0.7225682
30243120;41.39925;2.172048;0.03790938;0.7225531
30243124;41.39307;2.180198;0.03805164;0.7224454
30243129;41.39667;2.175447;0.0379687;0.7225082
30243156;41.40521;2.166374;0.03781037;0.7226573
30243157;41.40436;2.167502;0.03783005;0.7226424
30243158;41.40352;2.168615;0.03784947;0.7226277
30243159;41.40265;2.169761;0.03786948;0.7226126
30243160;41.4018;2.170892;0.03788921;0.7225978
30243161;41.40094;2.172033;0.03790912;0.7225827
30243163;41.39924;2.174288;0.03794849;0.722553
30243166;41.39392;2.181297;0.03807082;0.7224603
30243202;41.40374;2.161669;0.03772825;0.7226315
30243203;41.40269;2.163012;0.03775169;0.7226132
30243205;41.40015;2.166379;0.03781046;0.7225689
30243206;41.39928;2.167514;0.03783025;0.7225537
30243207;41.39871;2.168286;0.03784373;0.7225438
30243208;41.39845;2.168627;0.03784968;0.7225392
30243209;41.39756;2.169785;0.03786989;0.7225238
30243210;41.39671;2.17091;0.03788952;0.7225088
30243211;41.39392;2.174597;0.03795387;0.7224603
30243212;41.39136;2.177938;0.03801218;0.7224155
30243213;41.39104;2.178335;0.03801911;0.72241
30243244;41.40012;2.164123;0.03777107;0.7225684
30243245;41.39928;2.165249;0.03779073;0.7225537
30243247;41.39759;2.167453;0.03782919;0.7225242
30243248;41.3967;2.168633;0.03784978;0.7225087
30243249;41.39585;2.169761;0.03786948;0.7224939
30243250;41.3932;2.173307;0.03793137;0.7224476
30243251;41.3905;2.176875;0.03799364;0.7224005
30243260;41.39839;2.164098;0.03777063;0.7225382
30243261;41.39675;2.166336;0.0378097;0.7225096
30243262;41.39584;2.167533;0.03783058;0.7224938
30243263;41.395;2.168648;0.03785004;0.722479
30243264;41.39233;2.172151;0.03791119;0.7224324
30243325;41.39243;2.162985;0.03775121;0.7224342
30243328;41.395;2.16639;0.03781065;0.722479
30243329;41.39837;2.170867;0.03788878;0.7225378
30243330;41.40096;2.174313;0.03794891;0.7225831
30243331;41.40274;2.176715;0.03799085;0.7226142
30243332;41.40361;2.177824;0.03801019;0.7226294
30243333;41.4044;2.178877;0.03802858;0.722643
30243334;41.40523;2.179993;0.03804806;0.7226576
30243335;41.40603;2.18112;0.03806772;0.7226715
30243336;41.40686;2.182265;0.03808771;0.7226861
30243337;41.40773;2.183459;0.03810855;0.7227013
30243366;41.39079;2.158473;0.03767245;0.7224056
30243367;41.39162;2.159568;0.03769156;0.72242
30243368;41.3922;2.16036;0.0377054;0.7224302
30243370;41.39329;2.161845;0.03773132;0.7224492
30243371;41.39394;2.162718;0.03774654;0.7224606
30243372;41.39453;2.16349;0.03776002;0.7224708
30243373;41.395;2.164099;0.03777066;0.7224791
30243374;41.3955;2.164778;0.03778249;0.7224877
30243375;41.39586;2.165257;0.03779087;0.722494
30243389;41.40181;2.173186;0.03792925;0.722598
30243390;41.40363;2.175601;0.0379714;0.7226296
30243391;41.40443;2.176668;0.03799003;0.7226436
30243392;41.40522;2.177791;0.03800962;0.7226574
30247167;41.3925;2.156266;0.03763394;0.7224354
30247433;41.39328;2.157319;0.03765231;0.7224491
30253494;41.39672;2.161845;0.03773132;0.722509
30253568;41.40349;2.170934;0.03788995;0.7226273
30253569;41.40534;2.173325;0.03793168;0.7226595
30253572;41.40781;2.176629;0.03798934;0.7227026
30253862;41.40269;2.181179;0.03806875;0.7226132
30253863;41.40351;2.182278;0.03808794;0.7226276
30253864;41.40432;2.183378;0.03810713;0.7226417
30253982;41.40603;2.183385;0.03810726;0.7226715
30254013;41.41314;2.16959;0.03786648;0.7227955
30254014;41.41269;2.170163;0.03787649;0.7227878
30254022;41.4118;2.171347;0.03789715;0.7227722
30254023;41.41136;2.171926;0.03790727;0.7227646
30254026;41.40946;2.174388;0.03795023;0.7227315
30254029;41.40605;2.17889;0.03802881;0.7226719
30254032;41.40265;2.183374;0.03810706;0.7226126
30254057;41.40354;2.180007;0.0380483;0.7226281
30254059;41.40221;2.181767;0.03807902;0.7226049
30254060;41.40198;2.182076;0.0380844;0.7226009
30254087;41.40273;2.178934;0.03802957;0.7226139
30254088;41.40155;2.180472;0.03805641;0.7225934
30254089;41.40099;2.181199;0.0380691;0.7225836
30254090;41.40002;2.182486;0.03809156;0.7225667
30254192;41.40522;2.168649;0.03785006;0.7226573
30254193;41.40436;2.169785;0.03786989;0.7226424
30254194;41.40265;2.172046;0.03790936;0.7226126
30254195;41.40043;2.175033;0.03796148;0.7225738
30254197;41.40011;2.175453;0.03796883;0.7225683
30254198;41.39926;2.176575;0.03798841;0.7225534
30254201;41.39479;2.182461;0.03809113;0.7224755
30254220;41.39755;2.160718;0.03771164;0.7225236
30254222;41.39688;2.161625;0.03772747;0.7225119
30254224;41.3933;2.166356;0.03781004;0.7224493
30254227;41.39416;2.165223;0.03779027;0.7224643
30254326;41.3984;2.161814;0.03773077;0.7225383
30254348;41.39733;2.163333;0.03775728;0.7225196
30254370;41.39909;2.159175;0.03768471;0.7225505
30254379;41.40112;2.159837;0.03769627;0.7225858
30254380;41.40076;2.159392;0.0376885;0.7225796
30254381;41.4006;2.159163;0.03768451;0.7225768
30254388;41.40091;2.157161;0.03764956;0.7225822
30254393;41.39841;2.159923;0.03769776;0.7225387
30254395;41.39763;2.160818;0.03771339;0.7225249
30295165;41.4072;2.167222;0.03782516;0.7226919
30295217;41.40688;2.166702;0.03781608;0.7226863
30333310;41.40862;2.175495;0.03796955;0.7227167
30333312;41.4062;2.172216;0.03791232;0.7226745
30333313;41.40313;2.168127;0.03784096;0.722621
30333325;41.3973;2.160407;0.03770621;0.7225193
30333328;41.39925;2.162966;0.03775088;0.7225532
30333329;41.40098;2.165234;0.03779046;0.7225835
30333330;41.40247;2.15837;0.03767067;0.7226093
30333333;41.40162;2.159304;0.03768697;0.7225946
30333334;41.40071;2.160322;0.03770474;0.7225788
30333335;41.40033;2.160814;0.03771332;0.7225721
30333336;41.39985;2.161426;0.03772399;0.7225637
30333337;41.4006;2.16308;0.03775287;0.7225767
30333338;41.40024;2.162621;0.03774485;0.7225705
30333339;41.39979;2.162048;0.03773485;0.7225627
30333341;41.39896;2.160793;0.03771295;0.7225482
30333343;41.39814;2.159501;0.0376904;0.7225338
30333344;41.3978;2.158978;0.03768127;0.722528
30333370;41.40054;2.156569;0.03763923;0.7225758
30333440;41.40067;2.156766;0.03764267;0.7225779
30553740;41.40542;2.160239;0.03770328;0.722661
30553741;41.4048;2.16087;0.0377143;0.7226501
30553742;41.4043;2.161358;0.03772281;0.7226413
30553743;41.40383;2.161795;0.03773044;0.7226332
30553747;41.40983;2.156628;0.03764026;0.7227378
30553748;41.4091;2.157325;0.03765242;0.7227252
30553749;41.40834;2.158058;0.03766523;0.7227119
30553750;41.40774;2.15867;0.03767591;0.7227014
30553752;41.40715;2.159297;0.03768684;0.7226911
30553753;41.40689;2.159537;0.03769102;0.7226866
30553756;41.40507;2.161327;0.03772227;0.7226548
30553757;41.40458;2.161822;0.03773091;0.7226462
30553758;41.40412;2.162259;0.03773853;0.7226382
30553971;41.40553;2.158673;0.03767595;0.7226629
30553972;41.40491;2.159425;0.03768907;0.722652
30553973;41.40431;2.160126;0.03770132;0.7226416
30553974;41.40387;2.160651;0.03771047;0.7226338
30553975;41.40344;2.161189;0.03771987;0.7226264
30553976;41.4031;2.161596;0.03772697;0.7226205
30553978;41.40247;2.162367;0.03774043;0.7226095
30553979;41.402;2.162943;0.03775048;0.7226013
30554037;41.40038;2.159871;0.03769686;0.7225729
30554039;41.39951;2.160971;0.03771605;0.7225577
30554041;41.39921;2.160554;0.03770877;0.7225525
30554042;41.40004;2.161687;0.03772856;0.722567
30554043;41.40049;2.162307;0.03773938;0.7225748
30554044;41.40078;2.162712;0.03774645;0.72258
30554503;41.40017;2.159596;0.03769207;0.7225693
30554504;41.40109;2.1608;0.03771307;0.7225853
30554505;41.40117;2.160909;0.03771498;0.7225868
30554506;41.40125;2.161007;0.03771668;0.7225881
30554509;41.40179;2.161724;0.0377292;0.7225977
30554511;41.40235;2.162526;0.0377432;0.7226073
30554542;41.40076;2.161456;0.03772452;0.7225795
30554548;41.39922;2.162929;0.03775023;0.7225528
30554607;41.4012;2.157593;0.0376571;0.7225872
30554609;41.40041;2.15845;0.03767207;0.7225734
30554612;41.39844;2.160639;0.03771026;0.7225391
30554613;41.39793;2.161216;0.03772034;0.7225302
30554860;41.40301;2.159249;0.037686;0.7226188
30554861;41.40255;2.159745;0.03769465;0.7226108
30554862;41.40216;2.160151;0.03770176;0.722604
30554968;41.40593;2.157223;0.03765065;0.7226697
30554969;41.40572;2.15745;0.0376546;0.7226662
30554970;41.40546;2.157721;0.03765934;0.7226616
30554971;41.40515;2.158079;0.03766559;0.7226562
30554972;41.40453;2.158833;0.03767874;0.7226455
30554974;41.40393;2.159518;0.03769069;0.7226349
30554976;41.40349;2.160033;0.03769968;0.7226273
30554977;41.40306;2.160564;0.03770895;0.7226197
30555001;41.40366;2.16431;0.03777434;0.7226301
30555002;41.40438;2.165298;0.03779158;0.7226427
30555003;41.4048;2.165857;0.03780134;0.7226501
30555005;41.40607;2.167525;0.03783045;0.7226722
30555007;41.41035;2.173225;0.03792993;0.722747
30555687;41.40586;2.180897;0.03806383;0.7226686
30555744;41.40369;2.159179;0.03768479;0.7226308
30555745;41.40326;2.159655;0.03769309;0.7226231
30555746;41.40279;2.160141;0.03770157;0.7226151
30555972;41.40351;2.173162;0.03792882;0.7226276
30555973;41.40447;2.17448;0.03795184;0.7226443
30555974;41.40529;2.175555;0.03797059;0.7226587
30555975;41.40694;2.177725;0.03800847;0.7226875
30556099;41.4018;2.164168;0.03777185;0.7225977
30556413;41.40849;2.169234;0.03786028;0.7227144
30556414;41.40701;2.171108;0.03789299;0.7226887
30556416;41.4019;2.177841;0.03801049;0.7225995
30556539;41.40084;2.162648;0.03774532;0.7225809
30556542;41.40195;2.163954;0.03776813;0.7226003
30556631;41.40074;2.158996;0.03768159;0.7225792
30556746;41.40233;2.156959;0.03764603;0.722607
30556747;41.40215;2.157159;0.03764952;0.7226037
30556748;41.40189;2.157473;0.03765501;0.7225992
30556749;41.40145;2.15801;0.03766438;0.7225917
30556750;41.40144;2.158075;0.03766552;0.7225915
30556754;41.3982;2.161578;0.03772666;0.722535
30558452;41.40279;2.165457;0.03779436;0.7226151
30558453;41.4031;2.16586;0.03780138;0.7226204
30558454;41.40396;2.166988;0.03782108;0.7226355
30617411;41.40808;2.15834;0.03767015;0.7227074
33098963;41.39415;2.167514;0.03783025;0.7224642
33098964;41.3984;2.173163;0.03792885;0.7225383
60969463;41.39986;2.155479;0.03762021;0.7225638
60969464;41.40038;2.156299;0.03763452;0.7225729
71643533;41.39027;2.164595;0.03777932;0.7223965
71643538;41.39276;2.161132;0.03771887;0.7224399
71643542;41.39359;2.159986;0.03769887;0.7224545
71643543;41.39444;2.158854;0.03767912;0.7224692
82750944;41.40255;2.158502;0.03767297;0.7226109
82750946;41.4024;2.15828;0.0376691;0.7226083
94668946;41.39705;2.162316;0.03773953;0.7225149
126502156;41.40641;2.160012;0.03769933;0.7226782
126508690;41.40573;2.160693;0.03771121;0.7226663
126545684;41.40679;2.166564;0.03781367;0.7226849
126547387;41.40602;2.165307;0.03779174;0.7226713
126604074;41.40746;2.158962;0.037681;0.7226965
126654237;41.40546;2.164394;0.0377758;0.7226616
126656742;41.40593;2.165161;0.03778918;0.7226697
126657992;41.4065;2.166102;0.03780562;0.7226798
126697585;41.40113;2.158522;0.03767331;0.722586
126699971;41.40294;2.160377;0.03770569;0.7226176
126699973;41.40258;2.160838;0.03771373;0.7226114
126699974;41.40129;2.162222;0.03773789;0.7225888
126734703;41.4071;2.159331;0.03768743;0.7226903
126797324;41.39759;2.172086;0.03791006;0.7225242
126797329;41.40024;2.168793;0.03785258;0.7225705
126797984;41.40462;2.163042;0.03775221;0.7226469
126797986;41.40195;2.166545;0.03781335;0.7226003
126797987;41.40108;2.167678;0.03783312;0.7225853
126797988;41.39931;2.169924;0.03787232;0.7225543
126797989;41.39844;2.170938;0.03789002;0.7225391
126797991;41.39558;2.174717;0.03795597;0.7224892
126797999;41.39429;2.176438;0.03798601;0.7224666
126798002;41.39312;2.177975;0.03801284;0.7224461
126800081;41.39391;2.176775;0.03799189;0.72246
126800097;41.39305;2.177898;0.0380115;0.722445
126803320;41.39545;2.174718;0.03795599;0.7224869
126803324;41.39751;2.171986;0.0379083;0.7225229
126803326;41.39922;2.16974;0.03786911;0.7225528
126803331;41.40171;2.166184;0.03780704;0.7225962
126803334;41.40253;2.165097;0.03778808;0.7226105
126803336;41.4034;2.16396;0.03776823;0.7226256
126803340;41.40438;2.162676;0.03774581;0.7226428
126803357;41.40083;2.167339;0.0378272;0.7225809
126803361;41.39666;2.173116;0.03792803;0.7225081
126803368;41.39999;2.168445;0.0378465;0.7225661
126812838;41.39501;2.175;0.03796092;0.7224792
126812839;41.3948;2.174947;0.03795999;0.7224755
126812840;41.39466;2.174977;0.03796051;0.7224731
126812841;41.39442;2.175334;0.03796675;0.7224689
126812843;41.39441;2.175505;0.03796972;0.7224687
126812844;41.39442;2.17569;0.03797296;0.722469
126812845;41.39454;2.175992;0.03797822;0.7224711
126812847;41.39484;2.176197;0.03798181;0.7224762
126812848;41.39494;2.1762;0.03798185;0.7224779
126812850;41.39502;2.17619;0.03798169;0.7224795
126812851;41.39527;2.175988;0.03797816;0.7224838
126812853;41.39532;2.175512;0.03796984;0.7224847
126812856;41.3952;2.175135;0.03796327;0.7224826
213942769;41.39398;2.176855;0.03799329;0.7224612
219026483;41.39298;2.182323;0.03808872;0.7224438
243756418;41.40009;2.182392;0.03808992;0.7225679
250793730;41.39425;2.176324;0.03798401;0.7224659
250793733;41.39581;2.174246;0.03794775;0.7224932
250793737;41.39674;2.173208;0.03792964;0.7225095
250794418;41.39573;2.176693;0.03799047;0.7224917
250794419;41.39659;2.177818;0.0380101;0.7225068
250794420;41.39745;2.178958;0.03802999;0.7225218
250794421;41.39829;2.180105;0.03805001;0.7225364
253707075;41.39757;2.178802;0.03802726;0.7225239
260723600;41.40485;2.1634;0.03775845;0.7226509
260723993;41.40535;2.163125;0.03775365;0.7226598
269369082;41.38963;2.168305;0.03784407;0.7223853
301572132;41.38862;2.166984;0.03782101;0.7223676
301572243;41.38946;2.165818;0.03780066;0.7223823
301572269;41.39033;2.164669;0.03778061;0.7223975
301572279;41.39112;2.163525;0.03776063;0.7224114
301572306;41.39198;2.16236;0.0377403;0.7224262
301572399;41.39281;2.161207;0.03772018;0.7224409
301572459;41.39365;2.160064;0.03770024;0.7224554
301572460;41.39449;2.158924;0.03768034;0.7224702
301572461;41.39529;2.157803;0.03766077;0.7224842
301572944;41.39526;2.157681;0.03765864;0.7224836
301572949;41.39442;2.158827;0.03767864;0.7224689
301572951;41.39189;2.162237;0.03773816;0.7224248
301572957;41.39358;2.15996;0.03769842;0.7224542
301572961;41.39274;2.161092;0.03771817;0.7224396
301572963;41.39104;2.16339;0.03775828;0.7224099
301573011;41.39022;2.164532;0.03777821;0.7223956
301573106;41.38935;2.165672;0.03779811;0.7223804
301573130;41.38847;2.166859;0.03781882;0.722365
312898606;41.40313;2.173659;0.0379375;0.722621
312898608;41.40214;2.17363;0.037937;0.7226037
319615779;41.40237;2.182236;0.03808721;0.7226077
344992887;41.39635;2.15933;0.03768741;0.7225027
344992888;41.39645;2.15985;0.03769649;0.7225043
344992889;41.3956;2.160363;0.03770545;0.7224896
359977425;41.39241;2.181087;0.03806715;0.7224339
359977762;41.39373;2.181468;0.03807379;0.7224569
359977763;41.39415;2.181634;0.0380767;0.7224643
412442591;41.41224;2.170736;0.03788648;0.72278
415884755;41.40289;2.161848;0.03773137;0.7226168
415884756;41.40239;2.161061;0.03771762;0.722608
415935008;41.40193;2.161579;0.03772668;0.7226
415935111;41.40236;2.163427;0.03775892;0.7226075
415935180;41.40142;2.162102;0.03773579;0.722591
415935210;41.40216;2.163681;0.03776336;0.722604
415937924;41.40208;2.161415;0.03772381;0.7226027
415937929;41.40144;2.160342;0.03770509;0.7225914
415937950;41.40157;2.160565;0.03770898;0.7225937
415938874;41.4013;2.160123;0.03770125;0.722589
415938876;41.4018;2.160958;0.03771583;0.7225978
415943065;41.3975;2.15854;0.03767364;0.7225227
426886706;41.40345;2.164046;0.03776973;0.7226266
426886837;41.40182;2.166218;0.03780763;0.7225981
426886937;41.40089;2.167409;0.03782843;0.7225819
426887254;41.39669;2.173159;0.03792878;0.7225086
426887884;41.39581;2.174237;0.03794759;0.7224932
426889568;41.39755;2.172027;0.03790902;0.7225235
426889996;41.40691;2.177777;0.03800938;0.7226868
426890141;41.40527;2.175594;0.03797127;0.7226582
426890145;41.40348;2.1732;0.03792949;0.722627
426890147;41.40263;2.172073;0.03790982;0.7226123
426890151;41.40095;2.169806;0.03787025;0.7225829
426890153;41.40021;2.168833;0.03785328;0.7225699
426890157;41.39996;2.168482;0.03784714;0.7225655
426890171;41.39925;2.167546;0.03783082;0.7225533
430532868;41.40213;2.181878;0.03808095;0.7226035
430535701;41.39946;2.170111;0.03787559;0.7225568
430535703;41.39967;2.172606;0.03791913;0.7225605
430535708;41.39708;2.161345;0.03772258;0.7225154
430535710;41.39879;2.168161;0.03784155;0.7225451
430535713;41.39795;2.16469;0.03778098;0.7225304
430535714;41.39753;2.163052;0.03775238;0.7225232
430535716;41.39892;2.170319;0.03787921;0.7225474
430535720;41.39944;2.169818;0.03787047;0.7225566
430535721;41.39954;2.169714;0.03786866;0.7225582
430535725;41.4001;2.173154;0.0379287;0.7225681
430535730;41.40045;2.175353;0.03796707;0.7225742
431481321;41.39926;2.181042;0.03806636;0.7225534
431481322;41.39913;2.181208;0.03806927;0.7225511
431481328;41.39842;2.179931;0.03804698;0.7225387
431481362;41.39671;2.177655;0.03800725;0.722509
431481389;41.39584;2.176548;0.03798794;0.7224937
431484966;41.39406;2.174434;0.03795104;0.7224627
442540235;41.39053;2.167211;0.03782497;0.722401
442540236;41.39143;2.166133;0.03780615;0.7224168
442540237;41.39228;2.164999;0.03778636;0.7224317
442540238;41.39316;2.16393;0.0377677;0.722447
442540239;41.39404;2.162852;0.03774888;0.7224624
442540240;41.39494;2.161758;0.0377298;0.722478
442540242;41.39583;2.160671;0.03771083;0.7224936
442540250;41.39384;2.162567;0.03774392;0.7224588
442540251;41.39295;2.163671;0.03776318;0.7224433
442540252;41.39209;2.164754;0.03778209;0.7224283
442540253;41.39122;2.165857;0.03780134;0.7224131
442540254;41.39031;2.166939;0.03782023;0.7223971
442540255;41.39797;2.164659;0.03778042;0.7225309
442540256;41.39772;2.164994;0.03778628;0.7225264
442540257;41.39756;2.162996;0.0377514;0.7225238
442540258;41.39712;2.161299;0.03772178;0.722516
442540259;41.40058;2.176055;0.03797932;0.7225764
442540260;41.40096;2.176557;0.03798808;0.7225831
442540263;41.39959;2.172507;0.03791739;0.7225592
442540267;41.39882;2.169172;0.03785919;0.7225456
442540272;41.39899;2.169988;0.03787344;0.7225487
442540274;41.39941;2.171828;0.03790554;0.7225561
442540275;41.39983;2.173508;0.03793487;0.7225633
442540276;41.40033;2.175167;0.03796382;0.7225721
442540278;41.40123;2.178686;0.03802525;0.7225877
442540279;41.40162;2.18038;0.03805481;0.7225946
442540280;41.40206;2.181972;0.0380826;0.7226022
442540281;41.40224;2.181723;0.03807826;0.7226055
442540282;41.40144;2.178466;0.0380214;0.7225914
442540284;41.40054;2.174884;0.03795889;0.7225757
442540289;41.39969;2.171458;0.03789908;0.7225609
442540293;41.39882;2.168126;0.03784094;0.7225456
506219369;41.39521;2.176064;0.03797948;0.7224828
506236255;41.39376;2.181475;0.03807392;0.7224574
506236256;41.3941;2.181573;0.03807563;0.7224634
506236258;41.39521;2.181912;0.03808156;0.7224827
506236259;41.39625;2.182187;0.03808635;0.7225009
506236260;41.39633;2.182275;0.03808788;0.7225022
506236271;41.39659;2.18231;0.03808849;0.7225068
506236275;41.39911;2.183727;0.03811323;0.7225508
536418253;41.40008;2.179977;0.03804778;0.7225677
536418264;41.39819;2.182459;0.03809109;0.7225348
536418291;41.4008;2.179036;0.03803135;0.7225803
555386323;41.39219;2.17454;0.03795289;0.7224301
555386328;41.39316;2.173265;0.03793063;0.722447
559765964;41.38838;2.167154;0.03782396;0.7223635
559765970;41.38853;2.166771;0.03781729;0.7223662
559787230;41.39075;2.169714;0.03786865;0.7224048
559787233;41.39221;2.17231;0.03791396;0.7224303
559787234;41.39309;2.173451;0.03793387;0.7224456
559787235;41.39333;2.173135;0.03792836;0.7224498
559787236;41.39246;2.171985;0.03790829;0.7224346
559787237;41.39162;2.170856;0.03788858;0.72242
559787238;41.39415;2.174282;0.03794838;0.7224642
559794880;41.39541;2.176014;0.03797861;0.7224862
559794881;41.39565;2.176805;0.03799241;0.7224903
559794884;41.39646;2.177982;0.03801296;0.7225046
559794885;41.39733;2.179121;0.03803284;0.7225196
559794886;41.39817;2.18025;0.03805254;0.7225344
559794889;41.39901;2.181376;0.03807219;0.7225491
559794891;41.3994;2.181467;0.03807378;0.7225559
559794893;41.39992;2.182627;0.03809403;0.7225649
559794895;41.40019;2.182265;0.03808771;0.7225696
559794897;41.40097;2.183433;0.03810809;0.7225832
559803319;41.40245;2.183625;0.03811146;0.722609
616490912;41.40454;2.174379;0.03795008;0.7226456
649511766;41.39408;2.159476;0.03768997;0.722463
649511772;41.39516;2.160902;0.03771485;0.7224818
667410900;41.40616;2.174405;0.03795053;0.7226738
773324530;41.39587;2.174322;0.03794907;0.7224942
800572603;41.40053;2.164672;0.03778065;0.7225755
800572623;41.40046;2.164772;0.0377824;0.7225744
800572628;41.39995;2.165457;0.03779436;0.7225655
819552812;41.3939;2.170085;0.03787512;0.7224599
823781728;41.40423;2.163546;0.037761;0.7226402
826436082;41.40167;2.179484;0.03803918;0.7225955
826436085;41.40151;2.17878;0.03802689;0.7225927
826436238;41.40209;2.178088;0.0380148;0.7226028
879356690;41.40212;2.179798;0.03804465;0.7226034
879356706;41.4031;2.180622;0.03805903;0.7226203
983361247;41.40388;2.175947;0.03797743;0.7226341
992005001;41.39294;2.173629;0.03793698;0.7224431
1008166634;41.40787;2.158536;0.03767356;0.7227036
1008166669;41.40761;2.15881;0.03767835;0.7226991
1050231255;41.40041;2.15635;0.03763541;0.7225734
1098044394;41.40436;2.177898;0.03801149;0.7226424
1124790711;41.39841;2.166415;0.03781108;0.7225386
1126848466;41.39305;2.173404;0.03793305;0.722445
1126848477;41.3984;2.1709;0.03788935;0.7225384
1126848483;41.39584;2.163012;0.03775168;0.7224936
1126848499;41.39815;2.166699;0.03781603;0.7225341
1126848522;41.39857;2.168458;0.03784672;0.7225415
1126848552;41.3993;2.169373;0.0378627;0.7225541
1126848568;41.3967;2.16415;0.03777154;0.7225087
1159755002;41.40119;2.178414;0.0380205;0.722587
1159755012;41.40128;2.178152;0.03801592;0.7225887
1191150240;41.39466;2.182859;0.03809807;0.7224731
1286855172;41.40213;2.175919;0.03797694;0.7226035
1286855176;41.40145;2.174976;0.03796048;0.7225916
1297469517;41.40215;2.181849;0.03808046;0.7226038
1297469526;41.40159;2.179707;0.03804306;0.722594
1297469528;41.40172;2.180269;0.03805286;0.7225963
1303457293;41.40247;2.182662;0.03809464;0.7226095
1303457305;41.40314;2.181785;0.03807933;0.7226211
1303457329;41.40242;2.177142;0.03799829;0.7226086
1303457341;41.40326;2.178269;0.03801797;0.7226232
1303457357;41.40565;2.164712;0.03778135;0.722665
1303457386;41.40225;2.16925;0.03786056;0.7226056
1303465743;41.40308;2.169198;0.03785964;0.7226201
1303465744;41.40391;2.170381;0.0378803;0.7226346
1303465750;41.4005;2.163297;0.03775665;0.7225751
1303465751;41.40154;2.164487;0.03777743;0.7225932
1303465752;41.4004;2.16351;0.03776038;0.7225733
1303465757;41.40142;2.164647;0.03778022;0.722591
1303465772;41.39949;2.162498;0.03774272;0.7225574
1303465773;41.39993;2.163009;0.03775163;0.7225651
1307271989;41.40229;2.173837;0.03794061;0.7226063
1311619289;41.39954;2.171524;0.03790024;0.7225583
1311619311;41.39957;2.171621;0.03790194;0.7225588
1311619319;41.39998;2.173307;0.03793137;0.7225659
1311619326;41.3999;2.172917;0.03792456;0.7225645
1311619365;41.39701;2.161434;0.03772414;0.7225142
1311619392;41.39785;2.164809;0.03778304;0.7225289
1311619394;41.39529;2.175347;0.03796697;0.7224841
1311619396;41.39929;2.16983;0.03787067;0.722554
1311619407;41.39746;2.163147;0.03775404;0.7225221
1311619420;41.39893;2.169298;0.0378614;0.7225477
1311619424;41.39829;2.166519;0.03781288;0.7225365
1311619441;41.39917;2.169717;0.0378687;0.7225518
1311619497;41.39936;2.170833;0.03788818;0.7225552
1311619513;41.39899;2.169947;0.03787271;0.7225486
1311619514;41.39674;2.160344;0.03770511;0.7225094
1311619516;41.40089;2.176157;0.0379811;0.7225818
1311619517;41.39653;2.159707;0.03769399;0.7225058
1311619526;41.39542;2.174979;0.03796055;0.7224864
1311770046;41.39492;2.16179;0.03773036;0.7224776
1311770048;41.39304;2.16379;0.03776527;0.7224449
1311770049;41.39645;2.159591;0.03769198;0.7225044
1311770051;41.39571;2.160505;0.03770792;0.7224915
1311770052;41.39629;2.159521;0.03769075;0.7225015
1311770053;41.39481;2.161578;0.03772665;0.7224758
1311833055;41.39555;2.176523;0.03798749;0.7224886
1311833059;41.39516;2.176115;0.03798037;0.7224818
1343391057;41.40408;2.181489;0.03807417;0.7226376
1350812710;41.40512;2.175331;0.03796669;0.7226558
1350812711;41.40546;2.175331;0.03796669;0.7226616
1350812713;41.40514;2.175761;0.03797419;0.722656
1350812728;41.40437;2.181128;0.03806786;0.7226425
1350812730;41.4042;2.181332;0.03807142;0.7226396
1361887062;41.40424;2.176929;0.03799458;0.7226404
1361887080;41.4046;2.176923;0.03799447;0.7226466
1361887096;41.40459;2.176462;0.03798643;0.7226464
1362900011;41.3965;2.177931;0.03801206;0.7225052
1368967593;41.40038;2.163557;0.03776119;0.7225729
1368967598;41.40201;2.158894;0.03767981;0.7226014
1368967605;41.39868;2.160351;0.03770524;0.7225433
1375697911;41.40588;2.162652;0.0377454;0.7226689
1377225818;41.39641;2.159942;0.0376981;0.7225037
1377225885;41.40505;2.1613;0.03772181;0.7226545
1377225897;41.4054;2.160266;0.03770376;0.7226605
1377225904;41.40508;2.161354;0.03772274;0.722655
1377225915;41.39637;2.159725;0.03769431;0.7225029
1377225917;41.39624;2.159573;0.03769166;0.7225007
1377899678;41.39831;2.161468;0.03772474;0.7225369
1377899683;41.39893;2.160733;0.0377119;0.7225476
1377899686;41.399;2.16076;0.03771237;0.7225488
1382915099;41.39614;2.159704;0.03769395;0.7224989
1382915126;41.39515;2.158007;0.03766432;0.7224816
1382915190;41.39498;2.159548;0.03769122;0.7224787
1382922538;41.38948;2.168053;0.03783967;0.7223828
1382924822;41.39142;2.163118;0.03775353;0.7224166
1396408886;41.40394;2.172627;0.0379195;0.722635
1396408887;41.40491;2.173886;0.03794147;0.722652
1400448339;41.38839;2.166943;0.03782029;0.7223637
1400448340;41.38849;2.167159;0.03782406;0.7223654
1400448346;41.38958;2.167818;0.03783555;0.7223844
1433632535;41.3942;2.181597;0.03807606;0.7224652
1433632537;41.39606;2.182142;0.03808555;0.7224976
1438747436;41.39581;2.179288;0.03803575;0.7224931
1445340174;41.40084;2.161344;0.03772257;0.722581
1445340177;41.40082;2.16155;0.03772617;0.7225807
1445340178;41.40082;2.161376;0.03772313;0.7225807
1445340181;41.40068;2.161347;0.03772262;0.7225782
1445340182;41.40071;2.16138;0.03772319;0.7225786
1445340186;41.40081;2.161531;0.03772583;0.7225804
1445594497;41.39893;2.181277;0.03807046;0.7225477
1458001624;41.39302;2.159271;0.03768639;0.7224445
1473221664;41.39285;2.169231;0.03786022;0.7224415
1473221665;41.39201;2.168046;0.03783954;0.7224269
1475966943;41.39491;2.180467;0.03805633;0.7224774
1475966953;41.39539;2.181124;0.0380678;0.7224858
1475966958;41.39582;2.181106;0.03806748;0.7224934
1475966961;41.39582;2.181588;0.03807589;0.7224934
1475966966;41.3963;2.180482;0.03805659;0.7225017
1475966985;41.39664;2.180401;0.03805518;0.7225078
1475966986;41.39668;2.179973;0.0380477;0.7225084
1475966987;41.39717;2.181552;0.03807527;0.722517
1475966988;41.39727;2.179204;0.03803429;0.7225186
1475966998;41.3975;2.181122;0.03806775;0.7225227
1475966999;41.3975;2.181563;0.03807546;0.7225227
1475967000;41.39811;2.180342;0.03805415;0.7225332
1475967001;41.39811;2.182346;0.03808913;0.7225333
1480282267;41.39305;2.163804;0.03776551;0.7224451
1480306487;41.39181;2.165618;0.03779717;0.7224233
1482241341;41.39394;2.181886;0.03808109;0.7224606
1482414569;41.39985;2.168283;0.03784368;0.7225637
1487126963;41.40228;2.166965;0.03782068;0.7226061
1487126966;41.40396;2.164716;0.03778141;0.7226354
1499890030;41.39204;2.164823;0.03778329;0.7224273
1516408397;41.40479;2.160853;0.037714;0.7226498
1534112195;41.39907;2.17012;0.03787573;0.72255
1534156609;41.39661;2.177515;0.0380048;0.7225071
1534156611;41.39749;2.176537;0.03798774;0.7225224
1534156626;41.40097;2.167506;0.03783011;0.7225832
1534156627;41.40171;2.166371;0.03781031;0.7225962
1534156631;41.40174;2.166473;0.03781208;0.7225968
1534156634;41.40178;2.170909;0.0378895;0.7225973
1534156647;41.40183;2.166536;0.03781318;0.7225983
1534156654;41.40191;2.166259;0.03780834;0.7225996
1534156659;41.40195;2.166391;0.03781066;0.7226003
1534156663;41.40261;2.165198;0.03778983;0.7226119
1534156668;41.40266;2.165277;0.03779122;0.7226128
1534156670;41.40431;2.162761;0.0377473;0.7226416
1716102034;41.40142;2.173703;0.03793827;0.7225911
1716102039;41.40055;2.17255;0.03791815;0.7225759
1770635933;41.40117;2.178463;0.03802135;0.7225867
1770635937;41.40033;2.174688;0.03795546;0.7225721
1770635938;41.40041;2.175059;0.03796194;0.7225735
1839151817;41.405;2.175158;0.03796367;0.7226536
1844140133;41.4022;2.172657;0.03792002;0.7226048
1855945862;41.40463;2.174688;0.03795547;0.7226471
1859058465;41.40483;2.177267;0.03800047;0.7226506
1860476035;41.40301;2.17478;0.03795706;0.7226188
1860476043;41.4031;2.172629;0.03791953;0.7226204
1860476053;41.40335;2.172952;0.03792517;0.7226248
1860476054;41.40416;2.176312;0.0379838;0.7226389
1863407125;41.40232;2.178387;0.03802003;0.7226068
1864143382;41.39893;2.169876;0.03787148;0.7225477
1864143392;41.39573;2.177001;0.03799584;0.7224919
1864143395;41.39693;2.161555;0.03772626;0.7225128
1864143418;41.39597;2.176662;0.03798993;0.722496
1864143426;41.39552;2.176969;0.03799528;0.7224881
1864143430;41.39538;2.176364;0.03798473;0.7224857
1864143446;41.39911;2.169552;0.03786582;0.7225507
1864143448;41.39777;2.164916;0.0377849;0.7225274
1864143460;41.39838;2.179982;0.03804787;0.7225381
1864143465;41.39906;2.181115;0.03806765;0.7225498
1864143479;41.39827;2.182568;0.03809299;0.7225362
1864143481;41.39888;2.170182;0.03787682;0.7225468
1864143483;41.40456;2.163116;0.03775349;0.7226459
1864143485;41.39753;2.178854;0.03802818;0.7225232
1864143489;41.39598;2.176353;0.03798454;0.7224962
1864143493;41.39863;2.168384;0.03784543;0.7225425
1864143497;41.39668;2.177703;0.03800809;0.7225084
1864143504;41.39892;2.18151;0.03807453;0.7225474
1864143511;41.39737;2.163271;0.0377562;0.7225205
1864143517;41.39547;2.176222;0.03798223;0.7224873
1886635528;41.39261;2.156429;0.03763679;0.7224374
1886635535;41.39311;2.157091;0.03764834;0.7224461
1888022726;41.39339;2.159733;0.03769446;0.722451
1888022730;41.39371;2.159785;0.03769535;0.7224565
1888022753;41.39428;2.159014;0.0376819;0.7224665
2264591780;41.39631;2.175931;0.03797715;0.7225018
2264591782;41.39638;2.173689;0.03793803;0.7225031
2264591826;41.3971;2.17714;0.03799827;0.7225156
2264591830;41.39713;2.176978;0.03799544;0.7225161
2264591835;41.39715;2.174687;0.03795545;0.7225165
2264591838;41.39717;2.177041;0.03799653;0.722517
2264591839;41.3972;2.174752;0.03795659;0.7225174
2264591895;41.39798;2.178266;0.03801792;0.722531
2269130821;41.39435;2.176141;0.03798082;0.7224677
2269130822;41.39433;2.174966;0.03796032;0.7224674
2269130824;41.39456;2.176267;0.03798303;0.7224714
2269130826;41.39444;2.17482;0.03795778;0.7224693
2269130828;41.39455;2.175057;0.0379619;0.7224712
2269130835;41.39511;2.175061;0.03796197;0.7224809
2269130838;41.39534;2.175747;0.03797395;0.7224851
2269130856;41.39585;2.176835;0.03799293;0.7224939
2269130871;41.39851;2.179812;0.03804489;0.7225403
2269130874;41.39907;2.179076;0.03803206;0.7225502
2269130877;41.39907;2.178658;0.03802475;0.7225501
2269130880;41.39938;2.179068;0.03803191;0.7225554
2269130883;41.39939;2.178639;0.03802442;0.7225558
2292981003;41.40414;2.181411;0.03807281;0.7226385
2292981087;41.40519;2.182225;0.03808701;0.722657
2293678868;41.39244;2.156192;0.03763264;0.7224345
2293680561;41.39075;2.158423;0.03767159;0.7224049
2364060363;41.38819;2.161819;0.03773085;0.7223601
2412830243;41.39985;2.163256;0.03775595;0.7225637
2412830244;41.40027;2.163764;0.0377648;0.722571
2508272960;41.39312;2.173422;0.03793338;0.7224461
2508272962;41.39158;2.170902;0.03788939;0.7224194
2521199755;41.38866;2.166923;0.03781994;0.7223684
2530684915;41.39845;2.166611;0.03781449;0.7225393
2543521869;41.39537;2.17564;0.03797208;0.7224855
2543521870;41.39461;2.174898;0.03795914;0.7224722
2543521874;41.39487;2.174916;0.03795944;0.7224768
2573294266;41.39333;2.161887;0.03773205;0.7224498
2573351864;41.40124;2.172424;0.03791595;0.7225879
2573351868;41.39989;2.170656;0.0378851;0.7225645
2573351872;41.40076;2.174047;0.03794427;0.7225795
2573351876;41.40652;2.181793;0.03807947;0.72268
2573351880;41.39901;2.171731;0.03790385;0.722549
2573520095;41.40105;2.166203;0.03780738;0.7225847
2573520099;41.40084;2.166525;0.037813;0.7225809
2573523943;41.40084;2.166774;0.03781734;0.722581
2573523944;41.40148;2.165888;0.03780187;0.7225922
2579362580;41.40481;2.168109;0.03784064;0.7226503
2579362585;41.40566;2.16698;0.03782093;0.7226651
2579362588;41.40492;2.167962;0.03783807;0.7226522
2598991515;41.40424;2.17866;0.03802479;0.7226402
2610196535;41.39911;2.181507;0.03807448;0.7225507
2641101899;41.39355;2.16;0.03769911;0.7224537
2641101902;41.3947;2.161502;0.03772533;0.7224737
2641101904;41.39478;2.161618;0.03772736;0.7224752
2659550841;41.39432;2.176207;0.03798198;0.7224672
2659550845;41.39439;2.176321;0.03798397;0.7224683
2659550848;41.39444;2.17628;0.03798324;0.7224693
2659550857;41.39446;2.175194;0.03796429;0.7224696
2659550860;41.39448;2.175867;0.03797605;0.7224699
2659550862;41.39462;2.176076;0.03797968;0.7224723
2659550864;41.39469;2.176238;0.03798252;0.7224736
2659550866;41.39472;2.176154;0.03798105;0.7224741
2659550868;41.39475;2.174954;0.03796012;0.7224746
2669069243;41.39737;2.179073;0.03803199;0.7225204
2682230021;41.40263;2.165653;0.03779777;0.7226121
2682230061;41.40352;2.164134;0.03777127;0.7226278
2682532973;41.40068;2.166934;0.03782014;0.7225781
2690159866;41.41077;2.172714;0.03792101;0.7227544
2749371911;41.39462;2.176254;0.0379828;0.7224724
2749371912;41.39447;2.176272;0.03798311;0.7224698
2749371913;41.3945;2.176271;0.03798309;0.7224704
2749371914;41.39442;2.176297;0.03798354;0.7224689
2749371915;41.39434;2.17637;0.03798482;0.7224675
2749373128;41.39545;2.174895;0.03795908;0.722487
2749373129;41.39542;2.175238;0.03796506;0.7224863
2749373130;41.39438;2.175138;0.03796332;0.7224683
2764476449;41.3946;2.171592;0.03790143;0.722472
2764476452;41.39454;2.171514;0.03790006;0.7224711
2764476465;41.39304;2.168981;0.03785586;0.7224448
2775313791;41.40108;2.178997;0.03803068;0.7225851
2775313798;41.40017;2.180089;0.03804974;0.7225692
2775313802;41.39935;2.181193;0.038069;0.722555
2775313803;41.39931;2.181247;0.03806994;0.7225542
2775313805;41.39923;2.181351;0.03807176;0.7225528
2775313814;41.40087;2.17873;0.03802602;0.7225815
2775313815;41.4;2.179867;0.03804586;0.7225662
2775313816;41.39918;2.180949;0.03806474;0.722552
2777318569;41.39422;2.174457;0.03795144;0.7224655
2777318571;41.39444;2.174744;0.03795645;0.7224693
2777318572;41.39468;2.174828;0.0379579;0.7224734
2777318573;41.39503;2.174876;0.03795876;0.7224796
2777318574;41.39526;2.175054;0.03796185;0.7224836
2777318575;41.39539;2.17536;0.03796719;0.7224858
2777318577;41.39542;2.175747;0.03797396;0.7224864
2777318578;41.39552;2.176161;0.03798118;0.7224881
2777318579;41.39561;2.176464;0.03798646;0.7224898
2777318580;41.39565;2.176416;0.03798562;0.7224904
2777318581;41.39412;2.174327;0.03794917;0.7224637
2777318585;41.39526;2.174861;0.03795849;0.7224836
2777318586;41.39535;2.175228;0.0379649;0.7224851
2777318587;41.39515;2.174944;0.03795994;0.7224816
2777318590;41.3958;2.176598;0.03798881;0.7224931
2781080545;41.39152;2.170986;0.03789086;0.7224182
2785471886;41.40126;2.17879;0.03802706;0.7225882
2785471892;41.40165;2.179785;0.03804443;0.722595
2785471895;41.40176;2.180231;0.03805221;0.7225969
2785471897;41.40217;2.181821;0.03807997;0.7226042
2819073397;41.3933;2.173088;0.03792754;0.7224493
2819073398;41.39412;2.17199;0.03790838;0.7224637
2819073399;41.39498;2.170862;0.03788869;0.7224786
2819073400;41.39583;2.169731;0.03786895;0.7224936
2819073901;41.39666;2.168583;0.03784891;0.7225081
2819073902;41.39757;2.16743;0.03782879;0.7225239
2819073905;41.39828;2.166485;0.0378123;0.7225364
2819073910;41.39923;2.165189;0.03778968;0.7225528
2819073911;41.40009;2.164094;0.03777056;0.7225679
2836500329;41.39563;2.16039;0.03770592;0.72249
2836500331;41.39389;2.162644;0.03774526;0.7224597
2836500332;41.39401;2.162811;0.03774817;0.7224618
2836500335;41.39579;2.160602;0.03770962;0.7224928
2874226364;41.39328;2.173193;0.03792938;0.7224491
2881606707;41.40391;2.161722;0.03772917;0.7226346
2905939346;41.39753;2.165252;0.03779078;0.7225232
2905939350;41.39788;2.164893;0.03778451;0.7225292
2914033515;41.40061;2.167021;0.03782165;0.722577
2914033516;41.40044;2.165999;0.03780381;0.7225741
2914033517;41.40069;2.165697;0.03779855;0.7225783
2914033518;41.40147;2.16591;0.03780225;0.7225919
2926155851;41.40355;2.182241;0.03808729;0.7226282
2935116252;41.40073;2.156877;0.03764461;0.7225791
2941830252;41.40264;2.172064;0.03790966;0.7226124
2941830253;41.39754;2.178756;0.03802647;0.7225233
2984209661;41.4028;2.174505;0.03795227;0.7226152
2984209662;41.40281;2.174087;0.03794497;0.7226154
2984209663;41.40283;2.174066;0.0379446;0.7226157
2984209664;41.40283;2.174542;0.03795293;0.7226157
2984209665;41.40348;2.175402;0.03796793;0.722627
2984209670;41.40379;2.175819;0.03797521;0.7226325
2984209671;41.4038;2.175841;0.03797559;0.7226327
2984209672;41.40427;2.176452;0.03798626;0.7226408
2984209679;41.40466;2.174225;0.03794739;0.7226476
2984209681;41.40466;2.174728;0.03795616;0.7226475
2984209688;41.40598;2.174649;0.03795478;0.7226706
2988042338;41.38734;2.160714;0.03771157;0.7223454
2989836084;41.39465;2.161551;0.03772619;0.722473
2989836086;41.39474;2.161679;0.03772842;0.7224745
2989836087;41.3948;2.161366;0.03772295;0.7224755
2989836090;41.39486;2.161871;0.03773177;0.7224766
2989836091;41.39489;2.161487;0.03772506;0.7224771
2989836095;41.39502;2.161665;0.03772817;0.7224795
2989848232;41.39261;2.158687;0.03767619;0.7224374
3047640919;41.39629;2.169184;0.03785941;0.7225016
3047640921;41.39557;2.169391;0.03786301;0.7224889
3047640922;41.39641;2.168258;0.03784325;0.7225037
3047640923;41.3953;2.169045;0.03785698;0.7224842
3047640924;41.39613;2.167902;0.03783703;0.7224988
3047640925;41.39291;2.168127;0.03784096;0.7224426
3047640926;41.39375;2.167007;0.03782141;0.7224573
3047640929;41.39371;2.164639;0.03778007;0.7224565
3047640930;41.39455;2.163517;0.03776049;0.7224711
3047641935;41.40146;2.169141;0.03785865;0.7225918
3047641937;41.39328;2.180473;0.03805644;0.722449
3047641944;41.39456;2.180007;0.0380483;0.7224714
3049445834;41.39313;2.163895;0.0377671;0.7224464
3050930335;41.38971;2.168218;0.03784255;0.7223867
3053342333;41.39684;2.159362;0.03768798;0.7225112
3053342335;41.39682;2.159602;0.03769216;0.7225108
3053342336;41.39685;2.159799;0.03769561;0.7225113
3053404664;41.39762;2.17873;0.03802601;0.7225249
3053404666;41.39795;2.178221;0.03801714;0.7225304
3053404667;41.39835;2.177689;0.03800785;0.7225375
3053404669;41.39922;2.176627;0.0379893;0.7225527
3053404670;41.39923;2.176533;0.03798767;0.7225528
3053404671;41.40008;2.175402;0.03796793;0.7225677
3053404673;41.4003;2.175126;0.03796311;0.7225716
3053404674;41.4004;2.174999;0.03796089;0.7225733
3053404675;41.40041;2.174984;0.03796062;0.7225735
3053404678;41.40093;2.174273;0.03794821;0.7225826
3053404679;41.40139;2.173668;0.03793766;0.7225906
3053404680;41.40179;2.173147;0.03792857;0.7225975
3053404682;41.40008;2.177745;0.03800883;0.7225677
3053404683;41.40078;2.179069;0.03803192;0.7225798
3053404684;41.40178;2.17988;0.03804608;0.7225973
3053404685;41.40192;2.180074;0.03804947;0.7225998
3053404687;41.40185;2.180146;0.03805073;0.7225986
3053404688;41.4028;2.181019;0.03806597;0.7226152
3092785220;41.39491;2.1762;0.03798186;0.7224774
3092785223;41.39522;2.176274;0.03798315;0.7224829
3140134507;41.39405;2.174125;0.03794564;0.7224625
3140134508;41.39393;2.174257;0.03794794;0.7224604
3140134509;41.3938;2.174426;0.0379509;0.7224581
3140209425;41.39543;2.168869;0.03785392;0.7224865
3140209426;41.39603;2.168043;0.03783949;0.722497
3141525071;41.39735;2.162709;0.03774639;0.72252
3143655998;41.40094;2.176581;0.03798851;0.7225827
3152331422;41.4055;2.162044;0.03773478;0.7226623
3152331423;41.40501;2.162572;0.03774401;0.7226538
3154040423;41.40066;2.165652;0.03779775;0.7225778
3154040424;41.40043;2.165975;0.0378034;0.7225738
3170159039;41.39426;2.163133;0.0377538;0.7224661
3184350772;41.39069;2.172515;0.03791754;0.7224038
3184350774;41.39121;2.173218;0.03792982;0.7224129
3184350777;41.39153;2.173642;0.03793722;0.7224185
3184350783;41.39155;2.175461;0.03796895;0.7224188
3184350785;41.39121;2.175905;0.03797672;0.7224129
3184350788;41.39204;2.174337;0.03794934;0.7224274
3184350789;41.39208;2.174767;0.03795685;0.722428
3184350790;41.39238;2.174354;0.03794963;0.7224334
3184350791;41.39238;2.174786;0.03795718;0.7224333
3184350792;41.3929;2.175496;0.03796957;0.7224424
3184350793;41.39328;2.175448;0.03796874;0.7224489
3184350794;41.39294;2.175888;0.03797641;0.722443
3184350795;41.39325;2.175902;0.03797665;0.7224485
3184350797;41.3924;2.176576;0.03798842;0.7224337
3184350799;41.39204;2.177044;0.03799658;0.7224274
3184350800;41.39153;2.177706;0.03800814;0.7224185
3184350802;41.39113;2.17822;0.03801711;0.7224115
3184350809;41.3907;2.176589;0.03798864;0.722404
3184350874;41.39323;2.178137;0.03801566;0.7224482
3184350876;41.39316;2.177749;0.0380089;0.722447
3184350879;41.39322;2.177842;0.03801051;0.7224479
3184350881;41.39295;2.178034;0.03801386;0.7224432
3184350882;41.39378;2.176596;0.03798876;0.7224577
3184350883;41.39386;2.176995;0.03799573;0.7224592
3184350884;41.39402;2.176629;0.03798934;0.7224619
3184350887;41.3938;2.176911;0.03799427;0.7224581
3184350888;41.39408;2.176714;0.03799082;0.722463
3184350889;41.39408;2.177001;0.03799584;0.7224631
3184350890;41.39463;2.177729;0.03800854;0.7224727
3184350891;41.39461;2.178167;0.03801619;0.7224723
3184350892;41.39496;2.177713;0.03800826;0.7224783
3184350893;41.39496;2.178166;0.03801617;0.7224783
3184350894;41.39407;2.17934;0.03803666;0.7224628
3184350895;41.39375;2.179307;0.03803608;0.7224572
3184350896;41.39375;2.178899;0.03802897;0.7224573
3184350897;41.39409;2.178856;0.03802821;0.7224632
3184350900;41.39324;2.179984;0.03804791;0.7224483
3184350901;41.39578;2.178831;0.03802777;0.7224926
3184350902;41.39548;2.178859;0.03802827;0.7224875
3184350903;41.39545;2.179241;0.03803493;0.7224869
3184350904;41.3949;2.179925;0.03804687;0.7224773
3184350905;41.3946;2.180419;0.03805549;0.7224721
3184350906;41.39634;2.180036;0.0380488;0.7225024
3184350907;41.39725;2.181165;0.0380685;0.7225183
3184350909;41.39832;2.182303;0.03808837;0.722537
3184350911;41.39938;2.180909;0.03806405;0.7225554
3184350912;41.39808;2.180126;0.03805037;0.7225329
3184350913;41.39819;2.179978;0.03804779;0.7225348
3184350914;41.39832;2.179804;0.03804476;0.722537
3184350915;41.39853;2.180092;0.03804978;0.7225406
3184350916;41.3984;2.180252;0.03805258;0.7225384
3184350917;41.39828;2.18039;0.03805499;0.7225364
3184350918;41.39743;2.179261;0.03803529;0.7225215
3184350919;41.39756;2.179101;0.03803248;0.7225237
3184350920;41.39767;2.178939;0.03802966;0.7225257
3184350921;41.39745;2.17864;0.03802445;0.7225218
3184350922;41.39733;2.178797;0.03802717;0.7225198
3184350923;41.39722;2.178972;0.03803024;0.7225177
3184350924;41.39677;2.177574;0.03800584;0.72251
3184350925;41.39683;2.177803;0.03800984;0.722511
3184350926;41.39671;2.177968;0.03801272;0.7225088
3184350927;41.3966;2.178155;0.03801598;0.7225069
3184350928;41.3964;2.178059;0.03801431;0.7225034
3184350929;41.39648;2.177664;0.0380074;0.7225048
3184350930;41.39635;2.177834;0.03801038;0.7225025
3184350931;41.39995;2.180144;0.03805069;0.7225655
3184350932;41.4002;2.179825;0.03804513;0.7225698
3184350933;41.40028;2.177511;0.03800474;0.7225711
3184350934;41.39994;2.17748;0.0380042;0.7225653
3184350936;41.39994;2.177938;0.03801218;0.7225652
3184350938;41.40025;2.177896;0.03801145;0.7225707
3184350939;41.3982;2.177967;0.03801269;0.722535
3184350941;41.39853;2.177937;0.03801217;0.7225407
3184350942;41.39822;2.177517;0.03800484;0.7225353
3184350943;41.39855;2.177507;0.03800467;0.722541
3184350944;41.39906;2.176838;0.03799299;0.7225499
3184350947;41.3991;2.176358;0.03798461;0.7225506
3184350948;41.3994;2.17639;0.03798518;0.7225558
3184350950;41.39941;2.176769;0.03799178;0.7225559
3184350953;41.39992;2.175704;0.03797319;0.7225649
3184350955;41.40002;2.175329;0.03796666;0.7225667
3184350956;41.40018;2.175559;0.03797066;0.7225695
3184350957;41.40025;2.175267;0.03796556;0.7225707
3184350958;41.39943;2.174038;0.03794412;0.7225564
3184350959;41.39941;2.174505;0.03795226;0.7225561
3184350960;41.39909;2.174068;0.03794465;0.7225505
3184350961;41.39904;2.174553;0.03795312;0.7225496
3184350962;41.39855;2.17521;0.03796457;0.722541
3184350963;41.39823;2.1752;0.0379644;0.7225354
3184350965;41.39822;2.175642;0.03797212;0.7225353
3184350966;41.39856;2.175634;0.03797198;0.7225411
3184350968;41.39836;2.17546;0.03796893;0.7225377
3184350969;41.39768;2.176363;0.03798469;0.7225258
3184350970;41.39768;2.176798;0.0379923;0.7225258
3184350971;41.39738;2.176773;0.03799185;0.7225205
3184350972;41.39734;2.176334;0.0379842;0.7225198
3184350973;41.39652;2.17524;0.03796509;0.7225056
3184350974;41.39686;2.175197;0.03796436;0.7225115
3184350975;41.3965;2.17568;0.03797278;0.7225052
3184350976;41.39684;2.175668;0.03797257;0.7225112
3184350977;41.39738;2.17451;0.03795236;0.7225206
3184350978;41.39752;2.174331;0.03794924;0.722523
3184350980;41.3974;2.174087;0.03794498;0.7225209
3184350981;41.3977;2.174494;0.03795208;0.7225261
3184350983;41.3977;2.174086;0.03794496;0.7225262
3184350984;41.3982;2.173424;0.03793341;0.722535
3184350985;41.39857;2.173401;0.03793301;0.7225414
3184350986;41.3986;2.172904;0.03792433;0.7225418
3184350987;41.39825;2.172952;0.03792517;0.7225357
3184414997;41.39908;2.172266;0.03791318;0.7225503
3184414998;41.39914;2.171916;0.03790709;0.7225513
3184414999;41.39931;2.172137;0.03791095;0.7225543
3184415000;41.39943;2.172288;0.03791358;0.7225563
3184415001;41.39935;2.171908;0.03790695;0.722555
3184415002;41.39851;2.168545;0.03784825;0.7225403
3184415003;41.39849;2.168702;0.03785099;0.72254
3184415004;41.39828;2.168402;0.03784576;0.7225363
3184415005;41.39828;2.168844;0.03785347;0.7225363
3184415006;41.39774;2.169548;0.03786576;0.7225269
3184415007;41.3974;2.169565;0.03786605;0.7225209
3184415008;41.39771;2.169991;0.0378735;0.7225264
3184415009;41.39741;2.169992;0.0378735;0.7225211
3184415010;41.3969;2.17066;0.03788517;0.7225121
3184415011;41.39687;2.17113;0.03789336;0.7225118
3184415012;41.39654;2.170677;0.03788546;0.7225059
3184415013;41.39652;2.171154;0.03789378;0.7225056
3184415014;41.39664;2.173159;0.03792877;0.7225076
3184415016;41.39671;2.173254;0.03793045;0.7225089
3184415017;41.39582;2.17207;0.03790977;0.7224933
3184415018;41.396;2.171826;0.03790551;0.7224966
3184415019;41.39569;2.171815;0.03790532;0.722491
3184415021;41.39569;2.172242;0.03791277;0.722491
3184415022;41.39602;2.172249;0.0379129;0.7224968
3184415024;41.39515;2.172952;0.03792516;0.7224817
3184415025;41.39515;2.173368;0.03793242;0.7224817
3184415026;41.39483;2.17337;0.03793246;0.7224761
3184415027;41.39485;2.172968;0.03792544;0.7224765
3184415028;41.39427;2.1741;0.03794521;0.7224663
3184415029;41.39381;2.174752;0.03795657;0.7224584
3184415030;41.393;2.173557;0.03793573;0.7224442
3184415032;41.3932;2.173596;0.0379364;0.7224477
3184415033;41.39294;2.17328;0.03793088;0.7224432
3184415034;41.39306;2.173134;0.03792835;0.7224452
3184415035;41.3933;2.173451;0.03793387;0.7224494
3184415036;41.39342;2.173264;0.03793061;0.7224516
3184415037;41.3932;2.172965;0.0379254;0.7224476
3184415038;41.39339;2.173048;0.03792684;0.722451
3184415040;41.39431;2.172243;0.0379128;0.7224671
3184415041;41.39398;2.172269;0.03791325;0.7224612
3184415043;41.39399;2.17179;0.03790489;0.7224613
3184415044;41.3943;2.17184;0.03790576;0.7224668
3184415047;41.39497;2.170933;0.03788994;0.7224785
3184415048;41.39482;2.171143;0.03789359;0.7224759
3184415051;41.39484;2.170678;0.03788547;0.7224762
3184415053;41.39516;2.170686;0.03788562;0.7224818
3184415054;41.39515;2.171095;0.03789276;0.7224817
3184415056;41.39569;2.169552;0.03786583;0.7224911
3184415057;41.39603;2.169527;0.03786539;0.722497
3184415059;41.39565;2.17004;0.03787435;0.7224903
3184416461;41.39602;2.16998;0.03787329;0.7224967
3184416462;41.39653;2.168863;0.03785381;0.7225057
3184416465;41.39654;2.168421;0.03784608;0.7225059
3184416466;41.39686;2.168844;0.03785348;0.7225115
3184416467;41.39685;2.168431;0.03784626;0.7225114
3184416468;41.39737;2.167738;0.03783417;0.7225205
3184416469;41.39776;2.16769;0.03783333;0.7225272
3184416472;41.39771;2.167289;0.03782632;0.7225263
3184416473;41.39743;2.167243;0.03782552;0.7225214
3184416474;41.39763;2.16511;0.03778831;0.7225249
3184416475;41.39741;2.165023;0.03778678;0.7225211
3184416477;41.39745;2.165351;0.0377925;0.7225218
3184416478;41.39687;2.166167;0.03780674;0.7225118
3184416479;41.3969;2.166535;0.03781318;0.7225122
3184416480;41.39658;2.166128;0.03780606;0.7225066
3184416481;41.39655;2.166598;0.03781427;0.7225061
3184416482;41.396;2.167306;0.03782662;0.7224966
3184416483;41.39569;2.167318;0.03782684;0.722491
3184416484;41.396;2.167725;0.03783393;0.7224964
3184416485;41.39569;2.167731;0.03783404;0.7224911
3184416486;41.39522;2.16835;0.03784486;0.7224829
3184416487;41.39516;2.168866;0.03785386;0.7224818
3184416488;41.39483;2.168434;0.03784632;0.7224761
3184416489;41.39477;2.168941;0.03785517;0.7224751
3184416490;41.39412;2.169805;0.03787024;0.7224636
3184416491;41.3943;2.169563;0.03786601;0.7224668
3184416492;41.39399;2.169544;0.03786568;0.7224613
3184416494;41.39396;2.170007;0.03787377;0.7224609
3184416495;41.3943;2.16996;0.03787294;0.7224669
3184416497;41.39345;2.170684;0.03788558;0.7224519
3184416498;41.39314;2.171093;0.03789273;0.7224465
3184416499;41.39346;2.171105;0.03789293;0.7224522
3184416500;41.39312;2.170658;0.03788513;0.7224463
3184416501;41.39253;2.171894;0.03790671;0.7224359
3184416502;41.39257;2.172147;0.03791112;0.7224367
3184416506;41.39233;2.172472;0.0379168;0.7224324
3184416507;41.39245;2.172311;0.03791398;0.7224345
3184416514;41.39168;2.170772;0.03788711;0.7224211
3184416519;41.39228;2.169974;0.0378732;0.7224317
3184416521;41.39262;2.169984;0.03787336;0.7224376
3184416522;41.39262;2.169535;0.03786553;0.7224374
3184416523;41.39313;2.168862;0.03785378;0.7224464
3184416524;41.39314;2.168408;0.03784586;0.7224465
3184416525;41.39327;2.168676;0.03785054;0.7224488
3184416527;41.39345;2.168433;0.0378463;0.722452
3184416528;41.39345;2.168831;0.03785324;0.722452
3184416530;41.39404;2.16738;0.03782792;0.7224623
3184416531;41.39432;2.167713;0.03783374;0.7224671
3184416532;41.39396;2.16777;0.03783473;0.7224608
3184416533;41.39432;2.167284;0.03782624;0.7224672
3184416534;41.39484;2.166165;0.03780671;0.7224762
3184416535;41.39484;2.166601;0.03781433;0.7224762
3184416536;41.39515;2.166186;0.03780708;0.7224817
3184416537;41.39515;2.166591;0.03781414;0.7224817
3184416538;41.39571;2.165456;0.03779433;0.7224914
3184416539;41.39603;2.165458;0.03779437;0.722497
3184416540;41.39603;2.165021;0.03778675;0.722497
3184416541;41.39566;2.164993;0.03778625;0.7224905
3184416542;41.39656;2.164331;0.03777471;0.7225063
3184416544;41.3969;2.164305;0.03777425;0.7225121
3184416545;41.39689;2.163902;0.03776721;0.722512
3184416547;41.39657;2.163868;0.03776662;0.7225064
3184416548;41.39726;2.16341;0.03775862;0.7225185
3184416549;41.39748;2.162888;0.03774951;0.7225224
3184416552;41.39777;2.16327;0.03775618;0.7225274
3184416553;41.39772;2.162781;0.03774764;0.7225264
3184416560;41.39716;2.162463;0.0377421;0.7225168
3184416761;41.39696;2.162188;0.0377373;0.7225133
3184416762;41.39678;2.161767;0.03772995;0.7225101
3184416763;41.39666;2.161923;0.03773268;0.722508
3184416764;41.39666;2.161765;0.03772991;0.722508
3184416765;41.39677;2.161922;0.03773266;0.7225099
3184416768;41.39698;2.161305;0.03772189;0.7225137
3184416769;41.39705;2.161583;0.03772675;0.7225149
3184416771;41.39719;2.161202;0.03772008;0.7225173
3184416773;41.39724;2.162297;0.03773921;0.7225181
3184416774;41.39742;2.162962;0.03775081;0.7225212
3184416775;41.39753;2.163411;0.03775865;0.7225232
3184416776;41.39602;2.162769;0.03774744;0.7224968
3184416777;41.39605;2.163198;0.03775492;0.7224973
3184416779;41.3957;2.162758;0.03774725;0.7224913
3184416781;41.3957;2.163189;0.03775477;0.7224913
3184416782;41.39516;2.16389;0.03776701;0.7224819
3184416783;41.39485;2.163903;0.03776722;0.7224764
3184416784;41.39516;2.16432;0.0377745;0.7224819
3184416785;41.39484;2.16433;0.03777469;0.7224762
3184416786;41.39432;2.165051;0.03778727;0.7224671
3184416787;41.39398;2.165001;0.03778639;0.7224613
3184416788;41.39431;2.165441;0.03779407;0.7224671
3184416789;41.394;2.165422;0.03779375;0.7224617
3184416790;41.39347;2.166126;0.03780603;0.7224523
3184416791;41.39344;2.166554;0.0378135;0.7224517
3184416792;41.39314;2.166155;0.03780653;0.7224465
3184416793;41.39311;2.166604;0.03781437;0.722446
3184416794;41.39241;2.167521;0.03783039;0.7224339
3184416795;41.3926;2.167266;0.03782593;0.7224373
3184416796;41.39229;2.167282;0.0378262;0.7224318
3184416798;41.3923;2.167674;0.03783305;0.7224318
3184416799;41.39261;2.167704;0.03783358;0.7224374
3184416801;41.39178;2.16835;0.03784485;0.7224228
3184416803;41.39142;2.168827;0.03785317;0.7224165
3184416805;41.39082;2.16962;0.03786702;0.722406
3193312157;41.40082;2.176362;0.03798468;0.7225806
3193312158;41.4007;2.176019;0.03797869;0.7225786
3193312160;41.40115;2.177692;0.0380079;0.7225864
3193317961;41.40095;2.176994;0.03799572;0.7225829
3193317962;41.40088;2.176785;0.03799206;0.7225816
3193317963;41.40085;2.176709;0.03799074;0.7225812
3193317964;41.40097;2.177246;0.03800011;0.7225832
3193317965;41.40091;2.177085;0.03799729;0.7225822
3193317966;41.40024;2.175034;0.0379615;0.7225705
3193317967;41.40038;2.174881;0.03795884;0.7225729
3193317968;41.40038;2.174873;0.03795869;0.722573
3193317970;41.4006;2.1748;0.03795743;0.7225769
3193317973;41.40049;2.175142;0.03796339;0.7225748
3193317974;41.40044;2.175189;0.03796421;0.722574
3193317975;41.40039;2.175258;0.03796541;0.7225732
3193317976;41.40054;2.175757;0.03797412;0.7225757
3193317977;41.40117;2.176287;0.03798337;0.7225868
3193317978;41.40104;2.176346;0.0379844;0.7225845
3193317979;41.40093;2.176285;0.03798334;0.7225825
3193317980;41.40069;2.176193;0.03798173;0.7225783
3193317981;41.40106;2.176425;0.03798577;0.7225848
3193317982;41.40116;2.176838;0.03799298;0.7225865
3193317983;41.40104;2.176952;0.03799498;0.7225845
3193317984;41.40088;2.17704;0.03799651;0.7225816
3193317985;41.40081;2.177074;0.03799711;0.7225804
3193317986;41.40068;2.176946;0.03799488;0.7225781
3193317987;41.4011;2.178214;0.038017;0.7225856
3193317989;41.40154;2.178313;0.03801873;0.7225931
3193317990;41.40092;2.178787;0.03802701;0.7225823
3193317991;41.401;2.178893;0.03802885;0.7225837
3193317992;41.40108;2.178584;0.03802346;0.7225853
3193317994;41.4012;2.178577;0.03802334;0.7225872
3193317995;41.40128;2.179265;0.03803536;0.7225886
3193317996;41.40134;2.179229;0.03803473;0.7225898
3193317997;41.40133;2.178583;0.03802345;0.7225896
3193317999;41.40174;2.178028;0.03801376;0.7225967
3193318000;41.40176;2.177647;0.03800711;0.722597
3193318001;41.40205;2.177633;0.03800687;0.7226021
3193318002;41.40206;2.178052;0.03801418;0.7226023
3193318003;41.40223;2.179644;0.03804196;0.7226052
3193318004;41.40227;2.179922;0.03804681;0.7226059
3193318005;41.402;2.179971;0.03804766;0.7226012
3193318007;41.40205;2.180323;0.03805381;0.7226021
3193318008;41.4016;2.180278;0.03805302;0.7225941
3193318009;41.40166;2.180533;0.03805748;0.7225953
3193318010;41.40196;2.180528;0.03805739;0.7226005
3193567389;41.40294;2.17487;0.03795863;0.7226176
3193567390;41.40221;2.175807;0.03797499;0.7226049
3193567391;41.40219;2.175843;0.03797562;0.7226045
3193567392;41.40222;2.173939;0.0379424;0.722605
3193567393;41.40153;2.174863;0.03795853;0.722593
3193567394;41.4015;2.174913;0.03795939;0.7225924
3193567395;41.40344;2.169715;0.03786867;0.7226264
3193567396;41.40302;2.170261;0.0378782;0.7226189
3193567397;41.40325;2.170586;0.03788387;0.722623
3193567398;41.40367;2.170043;0.0378744;0.7226304
3193567399;41.40383;2.17027;0.03787836;0.7226332
3193567400;41.40315;2.169299;0.03786141;0.7226213
3193567402;41.40428;2.173073;0.03792728;0.7226411
3193567403;41.40445;2.173284;0.03793097;0.722644
3193567405;41.40484;2.1738;0.03793997;0.7226508
3193567406;41.404;2.172703;0.03792083;0.722636
3193567407;41.40259;2.178749;0.03802634;0.7226115
3193567408;41.40289;2.17873;0.03802602;0.7226168
3193567409;41.40289;2.179148;0.03803331;0.7226167
3193567410;41.40254;2.179202;0.03803424;0.7226107
3193567411;41.40371;2.179779;0.03804432;0.7226311
3193567412;41.40339;2.179798;0.03804465;0.7226254
3193567413;41.40368;2.18019;0.03805149;0.7226304
3193567414;41.40335;2.180271;0.03805291;0.7226248
3193567415;41.40453;2.180908;0.03806403;0.7226455
3193567416;41.40422;2.180925;0.03806432;0.7226399
3193567417;41.40451;2.181314;0.0380711;0.7226451
3193567418;41.40251;2.180932;0.03806444;0.7226101
3193567419;41.40283;2.18138;0.03807226;0.7226157
3193567420;41.40254;2.181355;0.03807183;0.7226107
3193567421;41.40304;2.180694;0.03806029;0.7226194
3193567422;41.40315;2.180664;0.03805976;0.7226213
3193567423;41.40316;2.180537;0.03805755;0.7226214
3193567424;41.40301;2.180551;0.0380578;0.7226189
3193567425;41.40306;2.180591;0.03805849;0.7226197
3193567426;41.40405;2.181341;0.03807158;0.722637
3193567427;41.40409;2.181372;0.03807213;0.7226377
3193567428;41.40252;2.182602;0.03809359;0.7226104
3193567429;41.40367;2.182484;0.03809153;0.7226304
3193567431;41.40368;2.18205;0.03808397;0.7226306
3193567433;41.40333;2.182047;0.03808391;0.7226245
3193567434;41.40336;2.182476;0.0380914;0.722625
3193567435;41.40534;2.182417;0.03809036;0.7226595
3193567442;41.40591;2.183209;0.03810418;0.7226694
3193567444;41.40673;2.182084;0.03808454;0.7226838
3193567445;41.40702;2.182489;0.03809162;0.7226889
3193567447;41.40618;2.181332;0.03807142;0.7226742
3193567455;41.40589;2.180928;0.03806438;0.7226691
3193567456;41.40538;2.179795;0.03804459;0.7226602
3193567457;41.40503;2.179726;0.03804339;0.7226542
3193567458;41.40537;2.180191;0.03805152;0.7226601
3193567459;41.40502;2.180273;0.03805294;0.7226539
3193567460;41.40455;2.178674;0.03802503;0.7226457
3193570461;41.40455;2.179085;0.03803222;0.7226458
3193570462;41.40423;2.179097;0.03803242;0.7226401
3193570463;41.40376;2.177617;0.03800658;0.7226319
3193570464;41.40376;2.178019;0.0380136;0.7226319
3193570465;41.40344;2.17804;0.03801396;0.7226264
3193570466;41.40344;2.177597;0.03800624;0.7226263
3193570467;41.40318;2.178158;0.03801602;0.7226218
3193570468;41.40249;2.177233;0.03799988;0.7226098
3193570469;41.40245;2.177178;0.03799893;0.7226091
3193570470;41.40259;2.176924;0.03799449;0.7226115
3193570472;41.40291;2.176928;0.03799457;0.7226171
3193570473;41.40258;2.176499;0.03798708;0.7226114
3193570474;41.40194;2.175662;0.03797247;0.7226001
3193570475;41.40165;2.17525;0.03796528;0.722595
3193570476;41.40197;2.175239;0.03796507;0.7226007
3193570477;41.40164;2.175687;0.03797291;0.7225949
3193570478;41.40083;2.1745;0.03795218;0.7225807
3193570481;41.40112;2.174123;0.0379456;0.7225858
3193570482;41.40111;2.174511;0.03795237;0.7225856
3193570483;41.40078;2.174071;0.0379447;0.7225798
3193570487;41.40025;2.172954;0.0379252;0.7225707
3193570490;41.4;2.173038;0.03792667;0.7225664
3193570492;41.40031;2.173443;0.03793373;0.7225718
3193570493;41.40003;2.172868;0.0379237;0.7225668
3193570494;41.40005;2.173609;0.03793663;0.7225673
3193570495;41.39978;2.172448;0.03791637;0.7225624
3193570496;41.39996;2.173193;0.03792936;0.7225655
3193570499;41.39979;2.173351;0.03793212;0.7225626
3193570500;41.39978;2.17357;0.03793596;0.7225625
3193570501;41.39989;2.173754;0.03793916;0.7225645
3193570502;41.39976;2.171373;0.0378976;0.7225621
3193570503;41.39972;2.171585;0.0379013;0.7225615
3193570504;41.3996;2.171753;0.03790424;0.7225593
3195469090;41.40073;2.176711;0.03799077;0.7225791
3195469101;41.40623;2.178654;0.03802468;0.7226751
3195469103;41.40592;2.17907;0.03803194;0.7226696
3195469106;41.40511;2.17764;0.03800699;0.7226555
3195469107;41.40512;2.177925;0.03801196;0.7226557
3196847752;41.40829;2.17595;0.03797749;0.7227111
3196847758;41.40558;2.170458;0.03788163;0.7226637
3196848514;41.40711;2.177524;0.03800496;0.7226904
3196848515;41.40675;2.177978;0.03801289;0.7226841
3196848519;41.40763;2.176852;0.03799323;0.7226996
3196848521;41.40797;2.176406;0.03798544;0.7227054
3196848523;41.40849;2.175679;0.03797277;0.7227145
3196848524;41.40881;2.175246;0.03796521;0.7227201
3196848526;41.40933;2.174564;0.0379533;0.7227291
3196848529;41.40965;2.174143;0.03794595;0.7227347
3196848530;41.41051;2.173037;0.03792664;0.7227497
3196848531;41.4102;2.173426;0.03793344;0.7227443
3196848548;41.40454;2.17454;0.03795289;0.7226455
3196848550;41.40599;2.174495;0.0379521;0.7226708
3196848551;41.40602;2.174434;0.03795103;0.7226713
3196848552;41.40602;2.174394;0.03795034;0.7226713
3196848553;41.40599;2.174333;0.03794927;0.7226708
3196848554;41.40466;2.174361;0.03794975;0.7226475
3196848555;41.4046;2.174359;0.03794972;0.7226467
3196848556;41.40456;2.174358;0.03794971;0.7226459
3196848557;41.40601;2.174357;0.03794969;0.7226713
3196848558;41.40601;2.174474;0.03795173;0.7226713
3196848560;41.40602;2.174412;0.03795065;0.7226713
3196848695;41.40687;2.170918;0.03788967;0.7226862
3196848698;41.40718;2.171339;0.03789702;0.7226917
3196848702;41.40605;2.172014;0.0379088;0.7226719
3196848704;41.40517;2.173549;0.03793558;0.7226565
3196848705;41.40518;2.173129;0.03792825;0.7226567
3196848706;41.40248;2.174083;0.03794491;0.7226096
3196848707;41.40247;2.174558;0.03795321;0.7226093
3196848708;41.40335;2.173373;0.03793251;0.7226248
3196848709;41.40369;2.172933;0.03792483;0.7226308
3196848710;41.40419;2.171874;0.03790634;0.7226394
3196848711;41.40454;2.171848;0.03790591;0.7226455
3196848712;41.40422;2.172266;0.03791318;0.7226399
3196848713;41.4045;2.172275;0.03791336;0.7226448
3196848714;41.40506;2.170707;0.03788599;0.7226546
3196848715;41.40508;2.171139;0.03789352;0.722655
3196848716;41.40541;2.170687;0.03788564;0.7226608
3196848717;41.40538;2.171126;0.03789329;0.7226603
3196848718;41.40588;2.169551;0.03786581;0.7226689
3196848719;41.40586;2.170059;0.03787467;0.7226686
3196848720;41.40623;2.16956;0.03786597;0.7226751
3196848721;41.40622;2.170026;0.03787409;0.7226749
3196848724;41.40678;2.168867;0.03785387;0.7226846
3202969428;41.39045;2.15349;0.0375855;0.7223995
3207273270;41.40164;2.173412;0.0379332;0.722595
3207273272;41.40197;2.172965;0.0379254;0.7226008
3207273274;41.40197;2.173395;0.03793289;0.7226007
3207273275;41.40165;2.172968;0.03792545;0.7225952
3207273276;41.4025;2.172254;0.03791299;0.72261
3207273277;41.40282;2.172265;0.03791318;0.7226155
3207273278;41.4025;2.171834;0.03790566;0.7226099
3207273279;41.40282;2.171819;0.0379054;0.7226156
3207273283;41.40367;2.170704;0.03788594;0.7226303
3207273284;41.40364;2.171129;0.03789335;0.7226298
3207273285;41.40334;2.170722;0.03788624;0.7226247
3207273286;41.40335;2.171129;0.03789334;0.7226247
3207273287;41.40247;2.170003;0.0378737;0.7226095
3207273288;41.40251;2.169579;0.03786629;0.7226102
3207273289;41.40282;2.169994;0.03787355;0.7226156
3207273290;41.40282;2.169536;0.03786555;0.7226156
3207273293;41.40199;2.171145;0.03789363;0.722601
3207273294;41.40197;2.170668;0.0378853;0.7226007
3207273295;41.40164;2.170673;0.03788539;0.7225949
3207273296;41.40164;2.171105;0.03789293;0.722595
3207273297;41.40111;2.171806;0.03790517;0.7225857
3207273298;41.40111;2.172261;0.03791311;0.7225857
3207273299;41.40077;2.172254;0.03791299;0.7225798
3207273300;41.40079;2.171837;0.0379057;0.7225801
3207273301;41.39995;2.170728;0.03788635;0.7225655
3207273302;41.40028;2.17069;0.03788568;0.7225711
3207273303;41.40027;2.171144;0.03789362;0.7225711
3207273304;41.39996;2.171111;0.03789304;0.7225655
3207273305;41.40168;2.168467;0.03784689;0.7225956
3207273306;41.40166;2.16887;0.03785392;0.7225953
3207273307;41.40199;2.168438;0.03784639;0.722601
3207273308;41.40197;2.168865;0.03785383;0.7226008
3207273309;41.40112;2.169581;0.03786633;0.7225859
3207273310;41.40078;2.169532;0.03786548;0.7225799
3207273311;41.40114;2.170017;0.03787393;0.7225862
3207273312;41.4008;2.170004;0.03787371;0.7225803
3207273315;41.39885;2.170381;0.0378803;0.7225463
3207273316;41.39953;2.170202;0.03787718;0.7225581
3207273317;41.39926;2.169778;0.03786977;0.7225534
3207273318;41.39911;2.16972;0.03786875;0.7225508
3207273319;41.39914;2.169636;0.03786729;0.7225513
3207273320;41.39919;2.169561;0.03786599;0.7225521
3207273322;41.39916;2.169442;0.03786391;0.7225517
3207273325;41.39893;2.169127;0.0378584;0.7225477
3207273329;41.3989;2.168014;0.03783899;0.7225471
3207273330;41.39866;2.168131;0.03784103;0.7225429
3207273331;41.39872;2.16839;0.03784554;0.722544
3207273332;41.39878;2.167975;0.0378383;0.722545
3207273333;41.39884;2.168243;0.03784297;0.7225461
3207273334;41.39887;2.168895;0.03785435;0.7225466
3207273335;41.39892;2.16918;0.03785933;0.7225475
3207273336;41.39912;2.167725;0.03783394;0.7225509
3207273337;41.39944;2.167304;0.03782659;0.7225565
3207273338;41.39943;2.167732;0.03783406;0.7225564
3207273342;41.40012;2.168271;0.03784346;0.7225683
3207273343;41.40035;2.168626;0.03784967;0.7225724
3207273344;41.40037;2.168979;0.03785582;0.7225728
3207273346;41.39983;2.168679;0.03785058;0.7225633
3207273349;41.40007;2.16902;0.03785654;0.7225676
3207273350;41.40075;2.167202;0.03782481;0.7225793
3207273351;41.40099;2.167126;0.03782348;0.7225837
3207273353;41.40091;2.167902;0.03783702;0.7225822
3207273354;41.40123;2.167473;0.03782954;0.7225878
3207273355;41.40123;2.167866;0.03783641;0.7225877
3207273356;41.40206;2.166681;0.03781572;0.7226022
3207273359;41.40158;2.166015;0.0378041;0.7225939
3207273461;41.40151;2.166451;0.03781169;0.7225927
3207273463;41.40083;2.165045;0.03778716;0.7225808
3207273464;41.40114;2.165024;0.03778679;0.7225862
3207273465;41.40081;2.165456;0.03779434;0.7225804
3207273466;41.40116;2.165464;0.03779448;0.7225865
3207273467;41.40029;2.166173;0.03780685;0.7225714
3207273468;41.39996;2.166144;0.03780635;0.7225657
3207273469;41.39996;2.166627;0.03781478;0.7225655
3207273470;41.4003;2.166589;0.03781412;0.7225716
3207273471;41.39857;2.166536;0.03781319;0.7225413
3207273472;41.39853;2.166277;0.03780867;0.7225406
3207273473;41.39833;2.166678;0.03781566;0.7225371
3207273474;41.39826;2.166397;0.03781076;0.7225359
3207273478;41.39809;2.166787;0.03781757;0.7225329
3207273480;41.39909;2.1655;0.03779511;0.7225505
3207273481;41.39911;2.165041;0.03778709;0.7225508
3207273482;41.39942;2.165441;0.03779408;0.7225562
3207273483;41.39941;2.165059;0.03778742;0.722556
3207273484;41.39995;2.164342;0.0377749;0.7225654
3207273485;41.40014;2.164036;0.03776955;0.7225688
3207273486;41.40026;2.164311;0.03777435;0.7225708
3207273487;41.39997;2.163919;0.03776751;0.7225658
3207273488;41.40044;2.163434;0.03775904;0.7225739
3207273489;41.39943;2.163201;0.03775498;0.7225564
3207273490;41.39907;2.162728;0.03774673;0.7225502
3207273491;41.39927;2.162857;0.03774897;0.7225536
3207273492;41.39857;2.16205;0.03773489;0.7225413
3207273493;41.39825;2.16202;0.03773437;0.7225358
3207273494;41.39825;2.161642;0.03772777;0.7225358
3207273495;41.39856;2.163883;0.03776688;0.7225411
3207273496;41.3982;2.164354;0.03777511;0.7225349
3207273497;41.39857;2.164326;0.03777462;0.7225413
3207273498;41.39825;2.1639;0.03776718;0.7225357
3207273499;41.39805;2.164559;0.03777868;0.7225323
3207273501;41.39783;2.164684;0.03778087;0.7225284
3207273505;41.39849;2.166449;0.03781167;0.72254
3207273506;41.39797;2.161174;0.0377196;0.7225309
3207273507;41.39767;2.160773;0.0377126;0.7225256
3207273508;41.39774;2.160962;0.0377159;0.7225268
3207273509;41.3974;2.160921;0.03771519;0.7225209
3207273510;41.39737;2.16034;0.03770504;0.7225204
3207273511;41.39734;2.160374;0.03770563;0.7225198
3207273512;41.39736;2.160475;0.0377074;0.7225202
3207273513;41.39758;2.158662;0.03767576;0.7225241
3207273514;41.39809;2.15955;0.03769127;0.722533
3207273515;41.39816;2.159544;0.03769115;0.7225342
3207273516;41.39844;2.159965;0.0376985;0.7225391
3207273517;41.39837;2.159979;0.03769875;0.7225378
3207273518;41.39863;2.160408;0.03770623;0.7225425
3207273519;41.39865;2.160383;0.0377058;0.7225428
3207273520;41.3987;2.160386;0.03770585;0.7225437
3207273521;41.39893;2.160829;0.03771358;0.7225476
3207273522;41.399;2.16085;0.03771394;0.7225488
3207273523;41.39982;2.162086;0.03773552;0.7225632
3207831030;41.3914;2.166178;0.03780693;0.7224163
3207831032;41.39119;2.165901;0.0378021;0.7224125
3207831033;41.3903;2.164715;0.03778141;0.722397
3207831035;41.39019;2.164569;0.03777885;0.7223951
3207831042;41.39245;2.181096;0.0380673;0.7224345
3208546125;41.39927;2.178819;0.03802757;0.7225536
3208549401;41.39056;2.167169;0.03782424;0.7224015
3212657021;41.39468;2.176515;0.03798735;0.7224735
3212657022;41.39474;2.176606;0.03798893;0.7224745
3212657023;41.39466;2.176422;0.03798573;0.7224731
3212657024;41.39492;2.176833;0.0379929;0.7224776
3212663526;41.3952;2.177216;0.03799959;0.7224826
3212663528;41.39507;2.177039;0.0379965;0.7224802
3212663529;41.39527;2.177303;0.03800111;0.7224837
3229689810;41.39034;2.166892;0.0378194;0.7223977
3229689824;41.38982;2.168074;0.03784003;0.7223886
3229689825;41.38961;2.167775;0.03783482;0.722385
3229689830;41.38877;2.166768;0.03781724;0.7223703
3229689831;41.38866;2.166602;0.03781434;0.7223684
3229689838;41.38856;2.167067;0.03782245;0.7223666
3229689840;41.3885;2.166816;0.03781808;0.7223656
3233683025;41.40207;2.182008;0.03808323;0.7226024
3236553566;41.39565;2.160894;0.03771472;0.7224904
3236553569;41.3955;2.160962;0.0377159;0.7224877
3236553571;41.39455;2.16215;0.03773664;0.7224712
3236553572;41.39372;2.163185;0.03775471;0.7224567
3236553573;41.39356;2.163378;0.03775808;0.722454
3236553574;41.39533;2.161176;0.03771964;0.7224848
3236553575;41.3944;2.162343;0.03774001;0.7224686
3236553576;41.39437;2.16245;0.03774188;0.7224681
3236553578;41.39064;2.167076;0.03782261;0.7224029
3236553579;41.3926;2.164618;0.03777971;0.7224371
3236553580;41.39134;2.166243;0.03780808;0.7224152
3236553581;41.39277;2.16435;0.03777502;0.7224401
3236553582;41.39383;2.163108;0.03775335;0.7224587
3276518991;41.39582;2.160685;0.03771107;0.7224934
3300162988;41.38938;2.165624;0.03779727;0.722381
3300162990;41.38949;2.165766;0.03779975;0.7223829
3314271855;41.38951;2.165454;0.0377943;0.7223833
3314271856;41.38932;2.166013;0.03780405;0.7223799
3314271859;41.38961;2.165609;0.03779701;0.722385
3314271860;41.38919;2.165875;0.03780165;0.7223777
3314294592;41.39006;2.164311;0.03777436;0.7223927
3314294593;41.39046;2.164841;0.0377836;0.7223999
3314294596;41.39006;2.164739;0.03778183;0.7223929
3314294597;41.39016;2.164892;0.0377845;0.7223946
3314294598;41.39038;2.164301;0.03777419;0.7223985
3314294599;41.39048;2.164452;0.03777682;0.7224001
3314294601;41.38921;2.163182;0.03775465;0.722378
3314294604;41.38889;2.162758;0.03774725;0.7223725
3314294606;41.38804;2.161621;0.0377274;0.7223576
3314294609;41.38837;2.162066;0.03773518;0.7223634
3314294616;41.3875;2.160914;0.03771507;0.7223481
3354002262;41.40037;2.175229;0.0379649;0.7225727
3354002264;41.40049;2.175925;0.03797705;0.7225748
3490013086;41.40112;2.178538;0.03802265;0.7225859
3497460960;41.39161;2.168575;0.03784877;0.7224199
3497460961;41.39247;2.169732;0.03786896;0.7224349
3497460963;41.39418;2.171999;0.03790854;0.7224647
3497460964;41.39502;2.17312;0.0379281;0.7224794
3645143319;41.39823;2.18018;0.03805133;0.7225354
3697123081;41.39666;2.177731;0.03800857;0.722508
3697123082;41.39652;2.177903;0.03801158;0.7225056
3697123083;41.39751;2.178876;0.03802856;0.7225229
3697123085;41.39738;2.179051;0.03803161;0.7225206
3697123086;41.39821;2.180201;0.03805168;0.7225351
3697123087;41.39836;2.180009;0.03804833;0.7225377
3697148734;41.40184;2.182268;0.03808776;0.7225985
3697148735;41.40102;2.181162;0.03806846;0.7225841
3697148737;41.40011;2.179942;0.03804717;0.7225682
3697148739;41.39842;2.177678;0.03800765;0.7225388
3697148741;41.39756;2.176526;0.03798755;0.7225237
3697148742;41.39671;2.175394;0.03796779;0.722509
3697148743;41.39589;2.174287;0.03794846;0.7224945
3697148745;41.39583;2.174212;0.03794716;0.7224936
3697148746;41.39331;2.170859;0.03788864;0.7224496
3761330161;41.40097;2.176321;0.03798397;0.7225833
3761330162;41.40095;2.176306;0.0379837;0.7225829
3761330163;41.40101;2.176337;0.03798424;0.722584
3761330164;41.4011;2.176331;0.03798415;0.7225856
3761330165;41.4009;2.176226;0.03798231;0.722582
3761330166;41.40073;2.176424;0.03798576;0.7225791
3761330167;41.40078;2.176535;0.03798769;0.7225799
3761330168;41.40082;2.176625;0.03798927;0.7225807
3761330169;41.401;2.176764;0.03799171;0.7225837
3761330170;41.40097;2.176667;0.03799;0.7225832
3767585458;41.39437;2.175999;0.03797835;0.7224681
3767585460;41.39456;2.176012;0.03797857;0.7224714
3772080556;41.4049;2.163456;0.03775943;0.7226518
3772084157;41.40495;2.163462;0.03775954;0.7226527
3772084160;41.40506;2.163401;0.03775847;0.7226547
3821190133;41.39401;2.181638;0.03807676;0.7224618
3821190134;41.39392;2.181613;0.03807633;0.7224602
3821190135;41.39383;2.181587;0.03807587;0.7224587
3821190136;41.39376;2.181556;0.03807534;0.7224573
3821190137;41.39375;2.181541;0.03807507;0.7224572
3821190138;41.39374;2.181516;0.03807464;0.7224571
3821190139;41.39374;2.181502;0.03807439;0.7224571
3821190141;41.39378;2.18157;0.03807558;0.7224578
3821190142;41.3938;2.181577;0.03807571;0.7224581
3821190143;41.39366;2.181617;0.03807641;0.7224557
3821190144;41.39361;2.181671;0.03807735;0.7224547
3821190145;41.39354;2.181738;0.03807852;0.7224535
3821190146;41.39349;2.181792;0.03807946;0.7224526
3821190147;41.39346;2.181814;0.03807984;0.7224522
3821190148;41.39344;2.181834;0.03808019;0.7224518
3821190149;41.39341;2.181857;0.03808059;0.7224512
3821190150;41.39336;2.181883;0.03808105;0.7224505
3824437288;41.40669;2.1664;0.03781082;0.7226831
3835613869;41.40491;2.181853;0.03808052;0.722652
3835621622;41.40504;2.182032;0.03808364;0.7226543
3888889327;41.40084;2.178915;0.03802924;0.722581
3888889328;41.40088;2.178969;0.03803018;0.7225817
3888889329;41.40147;2.178612;0.03802394;0.7225919
3888889330;41.40136;2.178549;0.03802285;0.72259
3888889331;41.40127;2.178237;0.03801741;0.7225884
3888889332;41.40139;2.178297;0.03801846;0.7225906
3888889333;41.4013;2.178041;0.03801398;0.722589
3888889337;41.40097;2.177043;0.03799656;0.7225832
3888889338;41.40105;2.176991;0.03799565;0.7225847
3888889339;41.40118;2.176866;0.03799348;0.7225869
3888889340;41.40111;2.178259;0.0380178;0.7225857
3888889341;41.40148;2.178653;0.03802467;0.7225921
3888894773;41.40075;2.176838;0.03799298;0.7225795
3888894774;41.4007;2.176918;0.03799438;0.7225785
3888894775;41.40116;2.178744;0.03802626;0.7225866
3888894776;41.40084;2.178694;0.03802538;0.722581
3910974570;41.39326;2.175472;0.03796915;0.7224486
3910974803;41.39379;2.176618;0.03798914;0.7224579
4089076990;41.40079;2.176978;0.03799544;0.7225801
4151671168;41.40368;2.17069;0.03788569;0.7226304
4173395795;41.39466;2.161379;0.03772319;0.7224731
4173395797;41.39501;2.161849;0.03773138;0.7224792
4235488036;41.40089;2.178831;0.03802777;0.7225819
4235488037;41.40096;2.178917;0.03802928;0.722583
4235640508;41.39887;2.16924;0.03786038;0.7225466
4412467247;41.39562;2.176706;0.03799069;0.7224898
4412467248;41.39568;2.17691;0.03799425;0.722491
4412467249;41.39553;2.176344;0.03798436;0.7224883
4412467250;41.39557;2.176412;0.03798555;0.7224891
4412467251;41.39568;2.176534;0.03798768;0.7224909
4412467252;41.39571;2.1766;0.03798884;0.7224914
4412467253;41.39559;2.176549;0.03798795;0.7224893
4412467259;41.39514;2.176241;0.03798256;0.7224815
4412467260;41.3951;2.176162;0.0379812;0.7224807
4412467261;41.39532;2.175884;0.03797634;0.7224847
4412467262;41.39523;2.176042;0.0379791;0.7224831
4412467265;41.39534;2.175822;0.03797525;0.7224851
4412467266;41.3953;2.175941;0.03797733;0.7224842
4412467272;41.3956;2.17665;0.03798971;0.7224895
4413415512;41.40088;2.183232;0.03810459;0.7225816
4436976528;41.40188;2.180121;0.03805029;0.7225991
4436976529;41.40182;2.180032;0.03804873;0.7225981
4470596641;41.39972;2.174929;0.03795968;0.7225615
4520409992;41.39681;2.159496;0.03769031;0.7225107
4520409993;41.39682;2.159431;0.03768919;0.7225108
4541781319;41.40195;2.161601;0.03772705;0.7226003
4541781320;41.40226;2.162053;0.03773494;0.7226058
4541781321;41.40245;2.162325;0.03773969;0.722609
4553129057;41.4108;2.17267;0.03792025;0.7227549
4553139857;41.40147;2.178617;0.03802405;0.7225919
4553139858;41.40154;2.17831;0.03801868;0.7225932
4553139859;41.40187;2.177799;0.03800976;0.722599
4553139860;41.40359;2.175562;0.03797073;0.7226291
4553139861;41.40272;2.17668;0.03799023;0.7226138
4553139863;41.40489;2.173859;0.037941;0.7226516
4553139864;41.40531;2.173293;0.03793111;0.722659
4553139865;41.40699;2.171076;0.03789242;0.7226883
4553139866;41.40617;2.172183;0.03791174;0.7226741
4554362727;41.39931;2.169896;0.03787183;0.7225543
4554362728;41.39935;2.169885;0.03787164;0.7225549
4554362729;41.39937;2.170002;0.03787368;0.7225553
4582895923;41.39404;2.181643;0.03807686;0.7224623
4583463187;41.3952;2.161331;0.03772235;0.7224825
4583463188;41.39457;2.162117;0.03773607;0.7224716
4583463757;41.39347;2.163485;0.03775993;0.7224523
4583825165;41.394;2.18182;0.03807995;0.7224616
4638554582;41.40458;2.174358;0.03794971;0.7226462
4675068969;41.40388;2.161756;0.03772976;0.7226341
4675068970;41.40562;2.16466;0.03778045;0.7226644
4675068973;41.40419;2.162193;0.03773739;0.7226394
4675111319;41.40819;2.168761;0.03785202;0.7227093
4682071744;41.40601;2.181091;0.03806722;0.7226712
4682071745;41.40517;2.182193;0.03808644;0.7226565
4715261719;41.40316;2.162209;0.03773767;0.7226214
4715261720;41.40292;2.161856;0.03773151;0.7226173
4715271506;41.40483;2.16817;0.03784171;0.7226506
4715271507;41.40479;2.168233;0.0378428;0.7226498
4715271520;41.40449;2.169146;0.03785874;0.7226447
4715271521;41.40467;2.169378;0.03786279;0.7226478
4715275197;41.40461;2.168491;0.0378473;0.7226468
4715275289;41.40455;2.168575;0.03784877;0.7226458
4716375239;41.39314;2.173394;0.03793288;0.7224465
4716375241;41.39326;2.173225;0.03792993;0.7224487
4716375266;41.39156;2.170933;0.03788992;0.722419
4716547479;41.40084;2.1814;0.03807262;0.7225809
4716548496;41.40114;2.181004;0.0380657;0.7225862
4717481827;41.39825;2.177907;0.03801166;0.7225358
4717481850;41.39978;2.179596;0.03804112;0.7225624
4717526568;41.39594;2.174085;0.03794494;0.7224954
4717526570;41.39599;2.174166;0.03794635;0.7224963
4717526581;41.39568;2.174404;0.0379505;0.7224909
4717526583;41.39574;2.174493;0.03795206;0.722492
4717526990;41.39663;2.175277;0.03796575;0.7225075
4717526991;41.39664;2.175194;0.0379643;0.7225076
4717526992;41.39671;2.175193;0.03796428;0.7225088
4717526993;41.39661;2.17536;0.03796719;0.7225071
4717526994;41.39664;2.175159;0.03796368;0.7225077
4717526995;41.39664;2.175073;0.03796219;0.7225078
4717526996;41.3967;2.175162;0.03796374;0.7225087
4717526997;41.39675;2.175342;0.03796688;0.7225096
4719409276;41.38921;2.165854;0.03780129;0.722378
4719409283;41.38932;2.166;0.03780383;0.72238
4719410193;41.39021;2.167056;0.03782227;0.7223954
4719410197;41.39049;2.167254;0.03782572;0.7224004
4719410202;41.39041;2.166813;0.03781801;0.7223989
4719410205;41.39058;2.167144;0.03782379;0.7224019
4741797883;41.40984;2.17389;0.03794155;0.7227381
4741815501;41.39992;2.178135;0.03801563;0.7225649
4741815502;41.40052;2.178938;0.03802965;0.7225755
4828366689;41.39891;2.18124;0.03806982;0.7225472
4828366692;41.39903;2.181082;0.03806705;0.7225494
4828366697;41.39937;2.181218;0.03806944;0.7225553
4828366698;41.39932;2.181281;0.03807054;0.7225545
4828366700;41.39925;2.181382;0.03807231;0.7225532
4828366702;41.39913;2.181541;0.03807507;0.7225512
4828366705;41.3989;2.181542;0.03807509;0.7225471
4828487515;41.40129;2.177979;0.0380129;0.7225888
4828487518;41.40131;2.178998;0.0380307;0.7225892
4828488323;41.3996;2.180611;0.03805885;0.7225594
4829206074;41.40454;2.174576;0.0379535;0.7226456
4829320041;41.40153;2.17356;0.03793578;0.722593
4829396033;41.39891;2.170131;0.03787594;0.7225474
4829396034;41.39833;2.171086;0.03789259;0.7225372
4829396036;41.39801;2.171504;0.0378999;0.7225316
4829396039;41.39537;2.174816;0.03795769;0.7224856
4829396040;41.39251;2.178621;0.03802411;0.7224355
4858308198;41.4001;2.164081;0.03777034;0.7225682
4858308199;41.39969;2.164692;0.037781;0.7225609
4858308204;41.39924;2.165209;0.03779002;0.7225531
4858308206;41.3988;2.165898;0.03780206;0.7225454
4858308207;41.39668;2.168607;0.03784933;0.7225084
4870404266;41.40441;2.16272;0.03774659;0.7226433
4870404267;41.40846;2.169197;0.03785963;0.722714
4908299845;41.39905;2.183622;0.0381114;0.7225497
4908299861;41.39373;2.181504;0.03807444;0.7224569
4961854642;41.40191;2.166529;0.03781306;0.7225997
4961854644;41.40277;2.165425;0.03779379;0.7226148
4961854645;41.40107;2.167651;0.03783266;0.7225849
4961854646;41.40194;2.166488;0.03781235;0.7226002
4961857260;41.40256;2.165131;0.03778866;0.722611
4961857261;41.40342;2.163985;0.03776865;0.722626
4961857262;41.40175;2.1662;0.03780732;0.7225968
4961857265;41.40172;2.166229;0.03780783;0.7225963
4961857266;41.40085;2.167359;0.03782755;0.7225812
4961857268;41.40088;2.167387;0.03782805;0.7225816
5000015112;41.40459;2.163007;0.03775159;0.7226465
5028167018;41.39846;2.179985;0.03804791;0.7225394
5028167020;41.40016;2.177767;0.0380092;0.722569
5028194621;41.39832;2.180154;0.03805086;0.722537
5065889830;41.39737;2.181401;0.03807264;0.7225204
5078676227;41.401;2.17662;0.03798918;0.7225838
5078676228;41.40078;2.176953;0.037995;0.7225799
5078676229;41.40097;2.176673;0.03799011;0.7225832
5078676230;41.40185;2.175529;0.03797014;0.7225986
5078676231;41.40089;2.176805;0.03799241;0.7225818
5078676233;41.40077;2.176969;0.03799528;0.7225798
5163682961;41.39331;2.18191;0.03808152;0.7224496
5221746561;41.40123;2.177837;0.03801043;0.7225877
5245538831;41.40349;2.169778;0.03786976;0.7226272
5245540131;41.40324;2.170064;0.03787477;0.7226229
5245540132;41.40305;2.170307;0.037879;0.7226195
5245540873;41.40331;2.17;0.03787364;0.7226241
5252483757;41.40276;2.164819;0.03778321;0.7226144
5260601899;41.39681;2.160606;0.03770968;0.7225106
5261111472;41.40485;2.168152;0.03784139;0.7226509
5261112123;41.4015;2.167133;0.03782361;0.7225924
5261112124;41.39808;2.163685;0.03776342;0.7225329
5261112521;41.40491;2.168242;0.03784296;0.722652
5261112621;41.3998;2.16594;0.03780279;0.7225627
5261693286;41.40749;2.171743;0.03790407;0.722697
5264363332;41.40045;2.164565;0.03777878;0.7225742
5264363334;41.40485;2.165905;0.03780217;0.7226509
5264363335;41.40656;2.16817;0.03784171;0.7226807
5264394019;41.39681;2.159528;0.03769087;0.7225107
5264394428;41.39886;2.162433;0.03774158;0.7225463
5268895937;41.3955;2.176999;0.0379958;0.7224877
5268895942;41.39466;2.176406;0.03798546;0.7224731
5268895949;41.39553;2.17618;0.0379815;0.7224882
5268895950;41.39591;2.176584;0.03798857;0.7224949
5268895957;41.39522;2.174864;0.03795854;0.7224829
5268895958;41.39556;2.174574;0.03795347;0.7224888
5268895967;41.39428;2.174589;0.03795374;0.7224665
5268895969;41.39421;2.174715;0.03795594;0.7224652
5268896174;41.39454;2.174776;0.03795701;0.7224709
5268896176;41.39425;2.174666;0.03795509;0.7224659
5268896231;41.39558;2.176294;0.03798349;0.7224892
5268896261;41.39542;2.17512;0.037963;0.7224863
5268896263;41.39531;2.174853;0.03795834;0.7224845
5274072650;41.39612;2.177194;0.03799921;0.7224987
5274072651;41.39385;2.17415;0.03794608;0.722459
5274125913;41.39868;2.18062;0.038059;0.7225432
5274384317;41.39617;2.176927;0.03799454;0.7224995
5274384899;41.39374;2.173687;0.037938;0.722457
5274385305;41.39877;2.18041;0.03805533;0.7225449
5344717235;41.40762;2.167821;0.03783561;0.7226992
5344717239;41.40396;2.172652;0.03791994;0.7226354
5344717240;41.40437;2.172115;0.03791056;0.7226427
5344717241;41.40525;2.170964;0.03789046;0.722658
5344717249;41.40607;2.169811;0.03787035;0.7226722
5375631704;41.40306;2.173762;0.03793931;0.7226197
5375631705;41.39533;2.161284;0.03772152;0.7224848
5375631706;41.39098;2.166676;0.03781563;0.7224088
5437760642;41.40462;2.174514;0.03795243;0.722647
5484705940;41.39261;2.169965;0.03787303;0.7224373
5484707798;41.39175;2.168392;0.03784559;0.7224223
5484732765;41.40241;2.183487;0.03810903;0.7226084
5485468959;41.39605;2.174094;0.03794511;0.7224973
5531929139;41.40471;2.177087;0.03799734;0.7226485
5531929140;41.40474;2.177032;0.03799637;0.7226491
